0.000  -0.08  0.10
0.010  -0.07  0.09
0.020  -0.07  0.11
0.030  -0.07  0.10
0.040  -0.07  0.10
0.050  -0.08  0.10
0.060  -0.08  0.10
0.070  -0.08  0.10
0.080  -0.09  0.10
0.090  -0.09  0.10
0.100  -0.09  0.10
0.110  -0.09  0.10
0.120  -0.09  0.10
0.130  -0.10  0.10
0.140  -0.10  0.10
0.150  -0.10  0.10
0.160  -0.10  0.09
0.170  -0.10  0.09
0.180  -0.10  0.09
0.190  -0.10  0.09
0.200  -0.10  0.09
0.210  -0.10  0.09
0.220  -0.10  0.09
0.230  -0.10  0.09
0.240  -0.10  0.09
0.250  -0.10  0.09
0.260  -0.10  0.09
0.270  -0.10  0.09
0.280  -0.10  0.09
0.290  -0.09  0.09
0.300  -0.09  0.09
0.310  -0.09  0.08
0.320  -0.09  0.08
0.330  -0.09  0.08
0.340  -0.09  0.08
0.350  -0.09  0.08
0.360  -0.09  0.07
0.370  -0.09  0.07
0.380  -0.08  0.07
0.390  -0.08  0.07
0.400  -0.08  0.07
0.410  -0.07  0.06
0.420  -0.07  0.06
0.430  -0.07  0.06
0.440  -0.07  0.06
0.450  -0.06  0.06
0.460  -0.06  0.05
0.470  -0.06  0.05
0.480  -0.05  0.05
0.490  -0.05  0.05
0.500  -0.04  0.04
0.510  -0.04  0.04
0.520  -0.04  0.04
0.530  -0.03  0.03
0.540  -0.03  0.03
0.550  -0.03  0.03
0.560  -0.02  0.02
0.570  -0.02  0.02
0.580  -0.02  0.01
0.590  -0.01  0.01
0.600  -0.01  0.01
0.610  -0.01  0.00
0.620  -0.00  0.00
0.630  0.00  -0.00
0.640  0.01  -0.01
0.650  0.01  -0.01
0.660  0.01  -0.01
0.670  0.02  -0.02
0.680  0.02  -0.02
0.690  0.02  -0.02
0.700  0.03  -0.03
0.710  0.03  -0.03
0.720  0.03  -0.03
0.730  0.04  -0.04
0.740  0.04  -0.04
0.750  0.05  -0.05
0.760  0.05  -0.05
0.770  0.05  -0.05
0.780  0.05  -0.06
0.790  0.06  -0.06
0.800  0.06  -0.06
0.810  0.06  -0.07
0.820  0.07  -0.07
0.830  0.07  -0.07
0.840  0.07  -0.07
0.850  0.07  -0.08
0.860  0.08  -0.08
0.870  0.08  -0.08
0.880  0.08  -0.08
0.890  0.08  -0.09
0.900  0.09  -0.09
0.910  0.09  -0.09
0.920  0.09  -0.09
0.930  0.09  -0.09
0.940  0.09  -0.10
0.950  0.10  -0.10
0.960  0.10  -0.10
0.970  0.10  -0.10
0.980  0.10  -0.10
0.990  0.10  -0.10
1.000  0.10  -0.10
1.010  0.10  -0.10
1.020  0.10  -0.10
1.030  0.10  -0.10
1.040  0.10  -0.10
1.050  0.10  -0.10
1.060  0.10  -0.10
1.070  0.10  -0.10
1.080  0.10  -0.10
1.090  0.10  -0.10
1.100  0.10  -0.10
1.110  0.10  -0.10
1.120  0.10  -0.10
1.130  0.10  -0.10
1.140  0.10  -0.10
1.150  0.10  -0.10
1.160  0.10  -0.09
1.170  0.09  -0.09
1.180  0.09  -0.09
1.190  0.09  -0.09
1.200  0.09  -0.09
1.210  0.09  -0.09
1.220  0.09  -0.09
1.230  0.09  -0.08
1.240  0.08  -0.08
1.250  0.08  -0.08
1.260  0.08  -0.08
1.270  0.08  -0.08
1.280  0.07  -0.07
1.290  0.07  -0.07
1.300  0.07  -0.07
1.310  0.06  -0.06
1.320  0.06  -0.06
1.330  0.06  -0.06
1.340  0.06  -0.06
1.350  0.06  -0.05
1.360  0.05  -0.05
1.370  0.05  -0.05
1.380  0.04  -0.04
1.390  0.04  -0.04
1.400  0.04  -0.04
1.410  0.03  -0.03
1.420  0.03  -0.03
1.430  0.03  -0.02
1.440  0.03  -0.02
1.450  0.02  -0.02
1.460  0.02  -0.01
1.470  0.01  -0.01
1.480  0.01  -0.01
1.490  0.00  -0.00
1.500  0.00  0.00
1.510  -0.00  0.00
1.520  -0.01  0.01
1.530  -0.01  0.01
1.540  -0.02  0.02
1.550  -0.02  0.02
1.560  -0.02  0.02
1.570  -0.03  0.03
1.580  -0.03  0.03
1.590  -0.03  0.03
1.600  -0.04  0.03
1.610  -0.04  0.04
1.620  -0.04  0.04
1.630  -0.05  0.04
1.640  -0.05  0.05
1.650  -0.05  0.05
1.660  -0.06  0.05
1.670  -0.06  0.05
1.680  -0.06  0.05
1.690  -0.06  0.06
1.700  -0.07  0.06
1.710  -0.07  0.06
1.720  -0.07  0.06
1.730  -0.07  0.06
1.740  -0.08  0.07
1.750  -0.08  0.07
1.760  -0.08  0.07
1.770  -0.09  0.07
1.780  -0.09  0.07
1.790  -0.09  0.07
1.800  -0.09  0.08
1.810  -0.09  0.08
1.820  -0.09  0.08
1.830  -0.09  0.08
1.840  -0.09  0.08
1.850  -0.09  0.08
1.860  -0.10  0.08
1.870  -0.10  0.09
1.880  -0.10  0.09
1.890  -0.10  0.09
1.900  -0.10  0.09
1.910  -0.10  0.09
1.920  -0.10  0.09
1.930  -0.10  0.09
1.940  -0.10  0.09
1.950  -0.10  0.09
1.960  -0.10  0.09
1.970  -0.10  0.09
1.980  -0.10  0.09
1.990  -0.10  0.09
2.000  -0.10  0.09
2.010  -0.10  0.09
2.020  -0.10  0.09
2.030  -0.10  0.08
2.040  -0.09  0.08
2.050  -0.09  0.08
2.060  -0.09  0.08
2.070  -0.09  0.08
2.080  -0.08  0.08
2.090  -0.08  0.08
2.100  -0.08  0.08
2.110  -0.08  0.08
2.120  -0.07  0.08
2.130  -0.07  0.07
2.140  -0.07  0.07
2.150  -0.07  0.07
2.160  -0.06  0.06
2.170  -0.06  0.06
2.180  -0.06  0.06
2.190  -0.05  0.05
2.200  -0.05  0.05
2.210  -0.05  0.05
2.220  -0.04  0.05
2.230  -0.04  0.04
2.240  -0.04  0.04
2.250  -0.03  0.04
2.260  -0.03  0.03
2.270  -0.02  0.03
2.280  -0.02  0.03
2.290  -0.01  0.03
2.300  -0.01  0.02
2.310  -0.01  0.02
2.320  -0.00  0.01
2.330  0.00  0.01
2.340  0.01  0.01
2.350  0.01  0.00
2.360  0.01  0.00
2.370  0.02  -0.00
2.380  0.02  -0.01
2.390  0.03  -0.01
2.400  0.03  -0.01
2.410  0.03  -0.02
2.420  0.04  -0.02
2.430  0.04  -0.03
2.440  0.05  -0.03
2.450  0.05  -0.03
2.460  0.05  -0.04
2.470  0.05  -0.04
2.480  0.06  -0.04
2.490  0.06  -0.04
2.500  0.06  -0.05
2.510  0.07  -0.05
2.520  0.07  -0.05
2.530  0.07  -0.05
2.540  0.07  -0.06
2.550  0.08  -0.06
2.560  0.08  -0.06
2.570  0.08  -0.07
2.580  0.08  -0.07
2.590  0.09  -0.07
2.600  0.09  -0.07
2.610  0.09  -0.08
2.620  0.09  -0.08
2.630  0.09  -0.08
2.640  0.10  -0.08
2.650  0.10  -0.08
2.660  0.10  -0.09
2.670  0.10  -0.09
2.680  0.10  -0.09
2.690  0.10  -0.09
2.700  0.10  -0.09
2.710  0.10  -0.09
2.720  0.10  -0.09
2.730  0.10  -0.09
2.740  0.10  -0.09
2.750  0.10  -0.10
2.760  0.10  -0.10
2.770  0.10  -0.10
2.780  0.10  -0.10
2.790  0.10  -0.10
2.800  0.10  -0.10
2.810  0.10  -0.10
2.820  0.10  -0.10
2.830  0.10  -0.10
2.840  0.10  -0.10
2.850  0.10  -0.10
2.860  0.10  -0.10
2.870  0.10  -0.10
2.880  0.10  -0.10
2.890  0.10  -0.10
2.900  0.10  -0.10
2.910  0.09  -0.09
2.920  0.09  -0.09
2.930  0.09  -0.09
2.940  0.09  -0.09
2.950  0.09  -0.09
2.960  0.08  -0.09
2.970  0.08  -0.08
2.980  0.08  -0.08
2.990  0.08  -0.08
3.000  0.07  -0.08
3.010  0.07  -0.08
3.020  0.07  -0.08
3.030  0.07  -0.07
3.040  0.06  -0.07
3.050  0.06  -0.07
3.060  0.06  -0.07
3.070  0.05  -0.06
3.080  0.05  -0.06
3.090  0.05  -0.05
3.100  0.05  -0.05
3.110  0.04  -0.05
3.120  0.04  -0.04
3.130  0.04  -0.04
3.140  0.03  -0.04
3.150  0.03  -0.03
3.160  0.03  -0.03
3.170  0.02  -0.03
3.180  0.02  -0.02
3.190  0.01  -0.02
3.200  0.01  -0.02
3.210  0.01  -0.01
3.220  0.00  -0.01
3.230  -0.00  -0.01
3.240  -0.01  -0.01
3.250  -0.01  -0.00
3.260  -0.01  0.00
3.270  -0.02  0.01
3.280  -0.02  0.01
3.290  -0.02  0.01
3.300  -0.03  0.02
3.310  -0.03  0.02
3.320  -0.03  0.02
3.330  -0.04  0.03
3.340  -0.04  0.03
3.350  -0.04  0.04
3.360  -0.05  0.04
3.370  -0.05  0.04
3.380  -0.05  0.05
3.390  -0.06  0.05
3.400  -0.06  0.05
3.410  -0.06  0.05
3.420  -0.06  0.06
3.430  -0.07  0.06
3.440  -0.07  0.06
3.450  -0.07  0.07
3.460  -0.07  0.07
3.470  -0.08  0.07
3.480  -0.08  0.07
3.490  -0.08  0.07
3.500  -0.08  0.08
3.510  -0.08  0.08
3.520  -0.08  0.08
3.530  -0.09  0.08
3.540  -0.09  0.08
3.550  -0.09  0.09
3.560  -0.09  0.09
3.570  -0.09  0.09
3.580  -0.09  0.09
3.590  -0.09  0.09
3.600  -0.09  0.09
3.610  -0.09  0.09
3.620  -0.10  0.09
3.630  -0.10  0.09
3.640  -0.10  0.09
3.650  -0.10  0.09
3.660  -0.10  0.09
3.670  -0.10  0.09
3.680  -0.10  0.09
3.690  -0.10  0.09
3.700  -0.10  0.09
3.710  -0.10  0.09
3.720  -0.10  0.09
3.730  -0.10  0.08
3.740  -0.10  0.08
3.750  -0.09  0.08
3.760  -0.09  0.08
3.770  -0.09  0.08
3.780  -0.09  0.08
3.790  -0.09  0.08
3.800  -0.09  0.07
3.810  -0.08  0.07
3.820  -0.08  0.07
3.830  -0.08  0.07
3.840  -0.08  0.07
3.850  -0.08  0.07
3.860  -0.08  0.06
3.870  -0.07  0.06
3.880  -0.07  0.06
3.890  -0.07  0.06
3.900  -0.07  0.06
3.910  -0.06  0.05
3.920  -0.06  0.05
3.930  -0.06  0.05
3.940  -0.05  0.05
3.950  -0.05  0.04
3.960  -0.05  0.04
3.970  -0.05  0.04
3.980  -0.04  0.03
3.990  -0.04  0.03
4.000  -0.03  0.03
4.010  -0.03  0.03
4.020  -0.03  0.03
4.030  -0.02  0.02
4.040  -0.02  0.02
4.050  -0.02  0.02
4.060  -0.01  0.02
4.070  -0.01  0.01
4.080  -0.01  0.01
4.090  -0.00  0.01
4.100  0.00  0.01
4.110  0.01  0.00
4.120  0.01  -0.00
4.130  0.01  -0.00
4.140  0.02  -0.01
4.150  0.02  -0.01
4.160  0.03  -0.01
4.170  0.03  -0.01
4.180  0.03  -0.02
4.190  0.04  -0.02
4.200  0.04  -0.02
4.210  0.05  -0.02
4.220  0.05  -0.03
4.230  0.06  -0.03
4.240  0.06  -0.03
4.250  0.06  -0.03
4.260  0.07  -0.04
4.270  0.07  -0.04
4.280  0.08  -0.04
4.290  0.08  -0.04
4.300  0.08  -0.05
4.310  0.09  -0.05
4.320  0.09  -0.05
4.330  0.09  -0.05
4.340  0.10  -0.06
4.350  0.10  -0.06
4.360  0.10  -0.06
4.370  0.10  -0.06
4.380  0.11  -0.06
4.390  0.11  -0.06
4.400  0.11  -0.06
4.410  0.11  -0.06
4.420  0.12  -0.07
4.430  0.12  -0.07
4.440  0.12  -0.07
4.450  0.12  -0.07
4.460  0.12  -0.07
4.470  0.12  -0.07
4.480  0.12  -0.07
4.490  0.12  -0.07
4.500  0.12  -0.07
4.510  0.12  -0.07
4.520  0.12  -0.07
4.530  0.12  -0.07
4.540  0.12  -0.07
4.550  0.12  -0.07
4.560  0.12  -0.07
4.570  0.12  -0.07
4.580  0.11  -0.07
4.590  0.11  -0.07
4.600  0.11  -0.07
4.610  0.11  -0.07
4.620  0.11  -0.07
4.630  0.10  -0.06
4.640  0.10  -0.06
4.650  0.10  -0.06
4.660  0.10  -0.06
4.670  0.10  -0.06
4.680  0.09  -0.06
4.690  0.09  -0.06
4.700  0.09  -0.06
4.710  0.08  -0.06
4.720  0.08  -0.05
4.730  0.08  -0.05
4.740  0.07  -0.05
4.750  0.07  -0.05
4.760  0.07  -0.05
4.770  0.07  -0.05
4.780  0.06  -0.04
4.790  0.06  -0.04
4.800  0.05  -0.04
4.810  0.05  -0.04
4.820  0.05  -0.04
4.830  0.04  -0.04
4.840  0.04  -0.03
4.850  0.04  -0.03
4.860  0.03  -0.03
4.870  0.03  -0.03
4.880  0.03  -0.03
4.890  0.02  -0.02
4.900  0.02  -0.02
4.910  0.02  -0.02
4.920  0.01  -0.02
4.930  0.01  -0.02
4.940  0.00  -0.01
4.950  -0.00  -0.01
4.960  -0.01  -0.01
4.970  -0.01  -0.00
4.980  -0.01  -0.00
4.990  -0.02  0.00
5.000  -0.02  0.01
5.010  -0.02  0.01
5.020  -0.03  0.01
5.030  -0.03  0.02
5.040  -0.04  0.02
5.050  -0.04  0.02
5.060  -0.04  0.03
5.070  -0.05  0.03
5.080  -0.05  0.03
5.090  -0.05  0.04
5.100  -0.06  0.04
5.110  -0.06  0.04
5.120  -0.06  0.05
5.130  -0.06  0.05
5.140  -0.07  0.05
5.150  -0.07  0.06
5.160  -0.07  0.06
5.170  -0.07  0.06
5.180  -0.08  0.07
5.190  -0.08  0.07
5.200  -0.08  0.07
5.210  -0.08  0.07
5.220  -0.08  0.08
5.230  -0.09  0.08
5.240  -0.09  0.08
5.250  -0.09  0.08
5.260  -0.09  0.08
5.270  -0.09  0.08
5.280  -0.09  0.08
5.290  -0.09  0.08
5.300  -0.09  0.09
5.310  -0.09  0.09
5.320  -0.09  0.09
5.330  -0.09  0.09
5.340  -0.10  0.09
5.350  -0.10  0.09
5.360  -0.10  0.09
5.370  -0.10  0.09
5.380  -0.10  0.09
5.390  -0.10  0.09
5.400  -0.10  0.09
5.410  -0.10  0.09
5.420  -0.10  0.09
5.430  -0.10  0.09
5.440  -0.10  0.09
5.450  -0.10  0.09
5.460  -0.10  0.08
5.470  -0.10  0.08
5.480  -0.10  0.08
5.490  -0.10  0.08
5.500  -0.10  0.08
5.510  -0.10  0.08
5.520  -0.09  0.08
5.530  -0.09  0.08
5.540  -0.09  0.08
5.550  -0.09  0.08
5.560  -0.09  0.07
5.570  -0.08  0.07
5.580  -0.08  0.07
5.590  -0.08  0.07
5.600  -0.08  0.07
5.610  -0.07  0.06
5.620  -0.07  0.06
5.630  -0.07  0.06
5.640  -0.07  0.06
5.650  -0.06  0.05
5.660  -0.06  0.05
5.670  -0.06  0.05
5.680  -0.05  0.04
5.690  -0.05  0.04
5.700  -0.05  0.04
5.710  -0.05  0.03
5.720  -0.04  0.03
5.730  -0.04  0.03
5.740  -0.03  0.02
5.750  -0.03  0.02
5.760  -0.03  0.02
5.770  -0.02  0.01
5.780  -0.02  0.01
5.790  -0.02  0.00
5.800  -0.01  0.00
5.810  -0.01  -0.00
5.820  -0.00  -0.01
5.830  -0.00  -0.01
5.840  0.00  -0.02
5.850  0.01  -0.02
5.860  0.01  -0.02
5.870  0.01  -0.03
5.880  0.02  -0.03
5.890  0.02  -0.03
5.900  0.02  -0.03
5.910  0.03  -0.04
5.920  0.03  -0.04
5.930  0.03  -0.04
5.940  0.04  -0.05
5.950  0.04  -0.05
5.960  0.05  -0.05
5.970  0.05  -0.06
5.980  0.05  -0.06
5.990  0.06  -0.06
6.000  0.06  -0.06
6.010  0.06  -0.06
6.020  0.07  -0.07
6.030  0.07  -0.07
6.040  0.07  -0.07
6.050  0.08  -0.07
6.060  0.08  -0.07
6.070  0.08  -0.07
6.080  0.09  -0.08
6.090  0.09  -0.08
6.100  0.09  -0.08
6.110  0.09  -0.08
6.120  0.10  -0.08
6.130  0.10  -0.08
6.140  0.10  -0.08
6.150  0.10  -0.08
6.160  0.10  -0.08
6.170  0.10  -0.08
6.180  0.11  -0.09
6.190  0.11  -0.09
6.200  0.11  -0.09
6.210  0.11  -0.09
6.220  0.11  -0.09
6.230  0.11  -0.08
6.240  0.11  -0.09
6.250  0.11  -0.09
6.260  0.11  -0.09
6.270  0.11  -0.09
6.280  0.11  -0.08
6.290  0.11  -0.09
6.300  0.11  -0.08
6.310  0.11  -0.08
6.320  0.11  -0.08
6.330  0.11  -0.08
6.340  0.11  -0.08
6.350  0.11  -0.08
6.360  0.10  -0.08
6.370  0.10  -0.08
6.380  0.10  -0.07
6.390  0.10  -0.07
6.400  0.10  -0.07
6.410  0.10  -0.07
6.420  0.09  -0.07
6.430  0.09  -0.07
6.440  0.09  -0.07
6.450  0.09  -0.07
6.460  0.09  -0.06
6.470  0.08  -0.06
6.480  0.08  -0.06
6.490  0.08  -0.06
6.500  0.07  -0.06
6.510  0.07  -0.05
6.520  0.07  -0.05
6.530  0.07  -0.05
6.540  0.06  -0.05
6.550  0.06  -0.04
6.560  0.06  -0.04
6.570  0.05  -0.04
6.580  0.05  -0.03
6.590  0.04  -0.03
6.600  0.04  -0.03
6.610  0.04  -0.02
6.620  0.03  -0.02
6.630  0.03  -0.02
6.640  0.03  -0.02
6.650  0.02  -0.01
6.660  0.02  -0.01
6.670  0.01  -0.01
6.680  0.01  -0.00
6.690  0.01  -0.00
6.700  0.00  0.00
6.710  0.00  0.01
6.720  -0.00  0.01
6.730  -0.01  0.01
6.740  -0.01  0.02
6.750  -0.02  0.02
6.760  -0.02  0.02
6.770  -0.02  0.03
6.780  -0.03  0.03
6.790  -0.03  0.03
6.800  -0.03  0.03
6.810  -0.04  0.03
6.820  -0.04  0.04
6.830  -0.04  0.04
6.840  -0.05  0.04
6.850  -0.05  0.04
6.860  -0.05  0.05
6.870  -0.06  0.05
6.880  -0.06  0.05
6.890  -0.06  0.05
6.900  -0.06  0.05
6.910  -0.07  0.05
6.920  -0.07  0.06
6.930  -0.07  0.06
6.940  -0.08  0.06
6.950  -0.08  0.06
6.960  -0.08  0.06
6.970  -0.09  0.06
6.980  -0.09  0.07
6.990  -0.09  0.07
7.000  -0.09  0.07
7.010  -0.09  0.07
7.020  -0.10  0.07
7.030  -0.10  0.07
7.040  -0.10  0.07
7.050  -0.10  0.07
7.060  -0.10  0.07
7.070  -0.10  0.07
7.080  -0.10  0.07
7.090  -0.10  0.08
7.100  -0.10  0.08
7.110  -0.10  0.08
7.120  -0.10  0.08
7.130  -0.10  0.08
7.140  -0.10  0.08
7.150  -0.10  0.08
7.160  -0.10  0.08
7.170  -0.10  0.08
7.180  -0.10  0.08
7.190  -0.10  0.08
7.200  -0.10  0.07
7.210  -0.10  0.08
7.220  -0.10  0.07
7.230  -0.09  0.07
7.240  -0.09  0.07
7.250  -0.09  0.07
7.260  -0.09  0.07
7.270  -0.09  0.07
7.280  -0.09  0.07
7.290  -0.09  0.06
7.300  -0.08  0.06
7.310  -0.08  0.06
7.320  -0.08  0.06
7.330  -0.08  0.06
7.340  -0.08  0.05
7.350  -0.07  0.05
7.360  -0.07  0.05
7.370  -0.07  0.05
7.380  -0.07  0.04
7.390  -0.06  0.04
7.400  -0.06  0.04
7.410  -0.06  0.04
7.420  -0.06  0.03
7.430  -0.05  0.03
7.440  -0.05  0.03
7.450  -0.05  0.02
7.460  -0.04  0.02
7.470  -0.04  0.02
7.480  -0.04  0.02
7.490  -0.03  0.01
7.500  -0.03  0.01
7.510  -0.03  0.01
7.520  -0.02  0.00
7.530  -0.02  -0.00
7.540  -0.02  -0.01
7.550  -0.01  -0.01
7.560  -0.01  -0.01
7.570  -0.00  -0.02
7.580  -0.00  -0.02
7.590  0.00  -0.02
7.600  0.01  -0.03
7.610  0.01  -0.03
7.620  0.02  -0.03
7.630  0.02  -0.04
7.640  0.03  -0.04
7.650  0.03  -0.04
7.660  0.03  -0.05
7.670  0.04  -0.05
7.680  0.04  -0.05
7.690  0.04  -0.06
7.700  0.05  -0.06
7.710  0.05  -0.06
7.720  0.06  -0.06
7.730  0.06  -0.07
7.740  0.06  -0.07
7.750  0.07  -0.07
7.760  0.07  -0.08
7.770  0.07  -0.08
7.780  0.08  -0.08
7.790  0.08  -0.08
7.800  0.08  -0.08
7.810  0.08  -0.09
7.820  0.09  -0.09
7.830  0.09  -0.09
7.840  0.09  -0.09
7.850  0.09  -0.09
7.860  0.10  -0.09
7.870  0.10  -0.09
7.880  0.10  -0.09
7.890  0.10  -0.09
7.900  0.10  -0.10
7.910  0.10  -0.10
7.920  0.11  -0.10
7.930  0.11  -0.10
7.940  0.11  -0.10
7.950  0.11  -0.10
7.960  0.11  -0.10
7.970  0.11  -0.10
7.980  0.11  -0.10
7.990  0.11  -0.10
8.000  0.11  -0.10
8.010  0.11  -0.10
8.020  0.11  -0.10
8.030  0.11  -0.10
8.040  0.11  -0.09
8.050  0.11  -0.09
8.060  0.11  -0.09
8.070  0.11  -0.09
8.080  0.11  -0.09
8.090  0.11  -0.09
8.100  0.11  -0.09
8.110  0.11  -0.09
8.120  0.10  -0.08
8.130  0.10  -0.08
8.140  0.10  -0.08
8.150  0.10  -0.08
8.160  0.10  -0.08
8.170  0.10  -0.08
8.180  0.09  -0.08
8.190  0.09  -0.07
8.200  0.09  -0.07
8.210  0.09  -0.07
8.220  0.08  -0.07
8.230  0.08  -0.06
8.240  0.08  -0.06
8.250  0.07  -0.06
8.260  0.07  -0.06
8.270  0.07  -0.05
8.280  0.06  -0.05
8.290  0.06  -0.05
8.300  0.05  -0.04
8.310  0.05  -0.04
8.320  0.05  -0.04
8.330  0.04  -0.03
8.340  0.04  -0.03
8.350  0.04  -0.02
8.360  0.03  -0.02
8.370  0.03  -0.02
8.380  0.02  -0.01
8.390  0.02  -0.01
8.400  0.02  -0.01
8.410  0.01  -0.00
8.420  0.01  -0.00
8.430  0.01  0.00
8.440  0.00  0.01
8.450  -0.00  0.01
8.460  -0.01  0.01
8.470  -0.01  0.02
8.480  -0.01  0.02
8.490  -0.02  0.02
8.500  -0.02  0.03
8.510  -0.02  0.03
8.520  -0.03  0.03
8.530  -0.03  0.04
8.540  -0.03  0.04
8.550  -0.03  0.04
8.560  -0.04  0.05
8.570  -0.04  0.05
8.580  -0.04  0.05
8.590  -0.04  0.06
8.600  -0.05  0.06
8.610  -0.05  0.06
8.620  -0.05  0.06
8.630  -0.05  0.07
8.640  -0.06  0.07
8.650  -0.06  0.07
8.660  -0.06  0.07
8.670  -0.06  0.07
8.680  -0.07  0.08
8.690  -0.07  0.08
8.700  -0.07  0.08
8.710  -0.07  0.08
8.720  -0.07  0.08
8.730  -0.08  0.09
8.740  -0.08  0.09
8.750  -0.08  0.09
8.760  -0.08  0.09
8.770  -0.08  0.09
8.780  -0.08  0.09
8.790  -0.08  0.09
8.800  -0.08  0.09
8.810  -0.08  0.09
8.820  -0.09  0.09
8.830  -0.09  0.09
8.840  -0.09  0.09
8.850  -0.09  0.09
8.860  -0.09  0.09
8.870  -0.09  0.09
8.880  -0.09  0.09
8.890  -0.09  0.09
8.900  -0.09  0.09
8.910  -0.09  0.08
8.920  -0.09  0.08
8.930  -0.09  0.08
8.940  -0.09  0.08
8.950  -0.09  0.08
8.960  -0.09  0.08
8.970  -0.09  0.08
8.980  -0.08  0.07
8.990  -0.08  0.07
9.000  -0.08  0.07
9.010  -0.08  0.07
9.020  -0.08  0.06
9.030  -0.08  0.06
9.040  -0.08  0.06
9.050  -0.07  0.06
9.060  -0.07  0.06
9.070  -0.07  0.05
9.080  -0.07  0.05
9.090  -0.07  0.05
9.100  -0.06  0.05
9.110  -0.06  0.05
9.120  -0.06  0.04
9.130  -0.06  0.04
9.140  -0.06  0.04
9.150  -0.05  0.04
9.160  -0.05  0.03
9.170  -0.05  0.03
9.180  -0.04  0.03
9.190  -0.04  0.03
9.200  -0.04  0.02
9.210  -0.03  0.02
9.220  -0.03  0.02
9.230  -0.03  0.01
9.240  -0.02  0.01
9.250  -0.02  0.01
9.260  -0.02  0.00
9.270  -0.01  -0.00
9.280  -0.01  -0.00
9.290  -0.01  -0.01
9.300  -0.00  -0.01
9.310  -0.00  -0.01
9.320  0.00  -0.02
9.330  0.01  -0.02
9.340  0.01  -0.02
9.350  0.02  -0.03
9.360  0.02  -0.03
9.370  0.02  -0.03
9.380  0.03  -0.04
9.390  0.03  -0.04
9.400  0.03  -0.04
9.410  0.04  -0.05
9.420  0.04  -0.05
9.430  0.04  -0.05
9.440  0.05  -0.06
9.450  0.05  -0.06
9.460  0.05  -0.06
9.470  0.06  -0.06
9.480  0.06  -0.06
9.490  0.06  -0.07
9.500  0.07  -0.07
9.510  0.07  -0.07
9.520  0.07  -0.07
9.530  0.07  -0.07
9.540  0.08  -0.08
9.550  0.08  -0.08
9.560  0.08  -0.08
9.570  0.08  -0.08
9.580  0.09  -0.09
9.590  0.09  -0.09
9.600  0.09  -0.09
9.610  0.09  -0.09
9.620  0.09  -0.09
9.630  0.10  -0.09
9.640  0.10  -0.09
9.650  0.10  -0.09
9.660  0.10  -0.09
9.670  0.10  -0.09
9.680  0.10  -0.09
9.690  0.10  -0.09
9.700  0.10  -0.09
9.710  0.10  -0.09
9.720  0.10  -0.09
9.730  0.10  -0.09
9.740  0.10  -0.09
9.750  0.11  -0.09
9.760  0.11  -0.09
9.770  0.11  -0.09
9.780  0.10  -0.09
9.790  0.10  -0.09
9.800  0.10  -0.09
9.810  0.10  -0.09
9.820  0.10  -0.09
9.830  0.10  -0.09
9.840  0.10  -0.09
9.850  0.10  -0.09
9.860  0.10  -0.08
9.870  0.09  -0.08
9.880  0.09  -0.08
9.890  0.09  -0.08
9.900  0.08  -0.08
9.910  0.08  -0.08
9.920  0.08  -0.07
9.930  0.08  -0.07
9.940  0.07  -0.07
9.950  0.07  -0.07
9.960  0.07  -0.07
9.970  0.06  -0.06
9.980  0.06  -0.06
9.990  0.06  -0.06
10.000  0.05  -0.05
10.010  0.05  -0.05
10.020  0.05  -0.05
10.030  0.04  -0.05
10.040  0.04  -0.04
10.050  0.04  -0.04
10.060  0.03  -0.04
10.070  0.03  -0.04
10.080  0.03  -0.03
10.090  0.02  -0.03
10.100  0.02  -0.03
10.110  0.01  -0.02
10.120  0.01  -0.02
10.130  0.01  -0.02
10.140  0.00  -0.01
10.150  -0.00  -0.01
10.160  -0.00  -0.00
10.170  -0.01  0.00
10.180  -0.01  0.01
10.190  -0.01  0.01
10.200  -0.02  0.01
10.210  -0.02  0.02
10.220  -0.02  0.02
10.230  -0.03  0.02
10.240  -0.03  0.03
10.250  -0.03  0.03
10.260  -0.04  0.03
10.270  -0.04  0.03
10.280  -0.04  0.04
10.290  -0.04  0.04
10.300  -0.05  0.05
10.310  -0.05  0.05
10.320  -0.05  0.05
10.330  -0.05  0.06
10.340  -0.06  0.06
10.350  -0.06  0.06
10.360  -0.06  0.07
10.370  -0.06  0.07
10.380  -0.06  0.07
10.390  -0.07  0.08
10.400  -0.07  0.08
10.410  -0.07  0.08
10.420  -0.07  0.08
10.430  -0.07  0.09
10.440  -0.07  0.09
10.450  -0.07  0.09
10.460  -0.07  0.09
10.470  -0.07  0.09
10.480  -0.07  0.09
10.490  -0.08  0.10
10.500  -0.08  0.10
10.510  -0.08  0.10
10.520  -0.08  0.10
10.530  -0.08  0.10
10.540  -0.08  0.10
10.550  -0.08  0.10
10.560  -0.08  0.10
10.570  -0.08  0.10
10.580  -0.08  0.10
10.590  -0.08  0.10
10.600  -0.08  0.10
10.610  -0.08  0.10
10.620  -0.08  0.10
10.630  -0.08  0.10
10.640  -0.08  0.10
10.650  -0.08  0.10
10.660  -0.08  0.10
10.670  -0.08  0.10
10.680  -0.08  0.10
10.690  -0.08  0.10
10.700  -0.07  0.09
10.710  -0.07  0.09
10.720  -0.07  0.09
10.730  -0.07  0.09
10.740  -0.07  0.08
10.750  -0.07  0.08
10.760  -0.07  0.08
10.770  -0.06  0.08
10.780  -0.06  0.07
10.790  -0.06  0.07
10.800  -0.06  0.07
10.810  -0.06  0.06
10.820  -0.05  0.06
10.830  -0.05  0.05
10.840  -0.05  0.05
10.850  -0.04  0.05
10.860  -0.04  0.05
10.870  -0.04  0.04
10.880  -0.04  0.04
10.890  -0.03  0.04
10.900  -0.03  0.03
10.910  -0.03  0.03
10.920  -0.03  0.03
10.930  -0.02  0.02
10.940  -0.02  0.02
10.950  -0.01  0.02
10.960  -0.01  0.01
10.970  -0.01  0.01
10.980  -0.00  0.01
10.990  0.00  0.00
11.000  0.01  -0.00
11.010  0.01  -0.00
11.020  0.01  -0.01
11.030  0.02  -0.01
11.040  0.02  -0.01
11.050  0.02  -0.02
11.060  0.03  -0.02
11.070  0.03  -0.02
11.080  0.03  -0.03
11.090  0.04  -0.03
11.100  0.04  -0.03
11.110  0.04  -0.04
11.120  0.05  -0.04
11.130  0.05  -0.04
11.140  0.06  -0.04
11.150  0.06  -0.05
11.160  0.06  -0.05
11.170  0.07  -0.05
11.180  0.07  -0.05
11.190  0.07  -0.06
11.200  0.07  -0.06
11.210  0.08  -0.06
11.220  0.08  -0.06
11.230  0.08  -0.07
11.240  0.09  -0.07
11.250  0.09  -0.07
11.260  0.09  -0.07
11.270  0.09  -0.07
11.280  0.10  -0.08
11.290  0.10  -0.08
11.300  0.10  -0.08
11.310  0.10  -0.08
11.320  0.10  -0.08
11.330  0.11  -0.08
11.340  0.11  -0.09
11.350  0.11  -0.09
11.360  0.11  -0.09
11.370  0.12  -0.09
11.380  0.12  -0.09
11.390  0.12  -0.09
11.400  0.12  -0.09
11.410  0.12  -0.09
11.420  0.13  -0.09
11.430  0.13  -0.09
11.440  0.13  -0.09
11.450  0.13  -0.09
11.460  0.13  -0.09
11.470  0.13  -0.09
11.480  0.13  -0.09
11.490  0.13  -0.09
11.500  0.13  -0.09
11.510  0.13  -0.09
11.520  0.13  -0.09
11.530  0.13  -0.09
11.540  0.13  -0.09
11.550  0.13  -0.09
11.560  0.12  -0.08
11.570  0.12  -0.08
11.580  0.12  -0.08
11.590  0.12  -0.08
11.600  0.12  -0.08
11.610  0.12  -0.08
11.620  0.11  -0.08
11.630  0.11  -0.08
11.640  0.11  -0.07
11.650  0.10  -0.07
11.660  0.10  -0.07
11.670  0.10  -0.07
11.680  0.09  -0.07
11.690  0.09  -0.06
11.700  0.09  -0.06
11.710  0.08  -0.06
11.720  0.08  -0.05
11.730  0.07  -0.05
11.740  0.07  -0.05
11.750  0.07  -0.05
11.760  0.06  -0.04
11.770  0.06  -0.04
11.780  0.06  -0.04
11.790  0.05  -0.04
11.800  0.05  -0.03
11.810  0.05  -0.03
11.820  0.04  -0.03
11.830  0.04  -0.02
11.840  0.04  -0.02
11.850  0.03  -0.02
11.860  0.03  -0.01
11.870  0.03  -0.01
11.880  0.02  -0.01
11.890  0.02  -0.00
11.900  0.02  -0.00
11.910  0.01  0.00
11.920  0.01  0.01
11.930  0.00  0.01
11.940  0.00  0.01
11.950  -0.00  0.02
11.960  -0.01  0.02
11.970  -0.01  0.02
11.980  -0.01  0.03
11.990  -0.01  0.03
12.000  -0.02  0.03
12.010  -0.02  0.04
12.020  -0.02  0.04
12.030  -0.03  0.04
12.040  -0.03  0.04
12.050  -0.03  0.05
12.060  -0.04  0.05
12.070  -0.04  0.05
12.080  -0.04  0.06
12.090  -0.04  0.06
12.100  -0.05  0.06
12.110  -0.05  0.07
12.120  -0.05  0.07
12.130  -0.05  0.07
12.140  -0.06  0.08
12.150  -0.06  0.08
12.160  -0.06  0.08
12.170  -0.06  0.08
12.180  -0.06  0.08
12.190  -0.06  0.09
12.200  -0.06  0.09
12.210  -0.07  0.09
12.220  -0.07  0.09
12.230  -0.07  0.09
12.240  -0.07  0.09
12.250  -0.07  0.10
12.260  -0.07  0.10
12.270  -0.07  0.10
12.280  -0.07  0.10
12.290  -0.07  0.10
12.300  -0.07  0.10
12.310  -0.07  0.10
12.320  -0.07  0.10
12.330  -0.07  0.10
12.340  -0.07  0.10
12.350  -0.07  0.10
12.360  -0.07  0.10
12.370  -0.07  0.10
12.380  -0.07  0.10
12.390  -0.06  0.10
12.400  -0.06  0.10
12.410  -0.06  0.10
12.420  -0.06  0.10
12.430  -0.06  0.10
12.440  -0.06  0.10
12.450  -0.06  0.10
12.460  -0.06  0.10
12.470  -0.06  0.09
12.480  -0.06  0.09
12.490  -0.06  0.09
12.500  -0.06  0.09
12.510  -0.05  0.09
12.520  -0.05  0.09
12.530  -0.05  0.08
12.540  -0.05  0.08
12.550  -0.05  0.08
12.560  -0.04  0.07
12.570  -0.04  0.07
12.580  -0.04  0.07
12.590  -0.04  0.07
12.600  -0.03  0.06
12.610  -0.03  0.06
12.620  -0.03  0.05
12.630  -0.02  0.05
12.640  -0.02  0.05
12.650  -0.02  0.04
12.660  -0.02  0.04
12.670  -0.01  0.03
12.680  -0.01  0.03
12.690  -0.01  0.03
12.700  -0.00  0.02
12.710  -0.00  0.02
12.720  0.00  0.01
12.730  0.01  0.01
12.740  0.01  0.01
12.750  0.02  0.00
12.760  0.02  -0.00
12.770  0.02  -0.00
12.780  0.03  -0.01
12.790  0.03  -0.01
12.800  0.03  -0.02
12.810  0.03  -0.02
12.820  0.04  -0.02
12.830  0.04  -0.03
12.840  0.04  -0.03
12.850  0.05  -0.04
12.860  0.05  -0.04
12.870  0.05  -0.04
12.880  0.05  -0.05
12.890  0.06  -0.05
12.900  0.06  -0.05
12.910  0.06  -0.06
12.920  0.07  -0.06
12.930  0.07  -0.06
12.940  0.07  -0.06
12.950  0.07  -0.07
12.960  0.08  -0.07
12.970  0.08  -0.07
12.980  0.08  -0.07
12.990  0.09  -0.08
13.000  0.09  -0.08
13.010  0.09  -0.08
13.020  0.09  -0.08
13.030  0.09  -0.09
13.040  0.09  -0.09
13.050  0.09  -0.09
13.060  0.10  -0.09
13.070  0.10  -0.09
13.080  0.10  -0.09
13.090  0.10  -0.10
13.100  0.10  -0.10
13.110  0.10  -0.10
13.120  0.11  -0.10
13.130  0.11  -0.10
13.140  0.11  -0.10
13.150  0.11  -0.10
13.160  0.11  -0.10
13.170  0.11  -0.10
13.180  0.11  -0.10
13.190  0.11  -0.10
13.200  0.11  -0.10
13.210  0.11  -0.10
13.220  0.11  -0.10
13.230  0.11  -0.10
13.240  0.11  -0.10
13.250  0.11  -0.10
13.260  0.11  -0.09
13.270  0.10  -0.09
13.280  0.10  -0.09
13.290  0.10  -0.09
13.300  0.10  -0.09
13.310  0.10  -0.09
13.320  0.10  -0.09
13.330  0.10  -0.08
13.340  0.10  -0.08
13.350  0.09  -0.08
13.360  0.09  -0.08
13.370  0.09  -0.07
13.380  0.09  -0.07
13.390  0.08  -0.07
13.400  0.08  -0.07
13.410  0.08  -0.06
13.420  0.08  -0.06
13.430  0.07  -0.06
13.440  0.07  -0.06
13.450  0.07  -0.05
13.460  0.06  -0.05
13.470  0.06  -0.05
13.480  0.06  -0.05
13.490  0.06  -0.04
13.500  0.05  -0.04
13.510  0.05  -0.04
13.520  0.04  -0.03
13.530  0.04  -0.03
13.540  0.04  -0.03
13.550  0.03  -0.02
13.560  0.03  -0.02
13.570  0.03  -0.02
13.580  0.02  -0.01
13.590  0.02  -0.01
13.600  0.01  -0.00
13.610  0.01  -0.00
13.620  0.01  0.00
13.630  0.00  0.00
13.640  0.00  0.01
13.650  -0.00  0.01
13.660  -0.01  0.01
13.670  -0.01  0.01
13.680  -0.01  0.02
13.690  -0.02  0.02
13.700  -0.02  0.02
13.710  -0.02  0.03
13.720  -0.03  0.03
13.730  -0.03  0.03
13.740  -0.03  0.03
13.750  -0.03  0.04
13.760  -0.03  0.04
13.770  -0.04  0.04
13.780  -0.04  0.04
13.790  -0.04  0.05
13.800  -0.05  0.05
13.810  -0.05  0.05
13.820  -0.05  0.05
13.830  -0.05  0.05
13.840  -0.05  0.06
13.850  -0.06  0.06
13.860  -0.06  0.06
13.870  -0.06  0.06
13.880  -0.06  0.06
13.890  -0.06  0.06
13.900  -0.06  0.06
13.910  -0.07  0.07
13.920  -0.07  0.07
13.930  -0.07  0.07
13.940  -0.07  0.07
13.950  -0.07  0.07
13.960  -0.07  0.08
13.970  -0.07  0.08
13.980  -0.07  0.08
13.990  -0.07  0.08
14.000  -0.08  0.08
14.010  -0.08  0.08
14.020  -0.08  0.08
14.030  -0.08  0.08
14.040  -0.08  0.09
14.050  -0.08  0.09
14.060  -0.08  0.09
14.070  -0.08  0.09
14.080  -0.08  0.09
14.090  -0.08  0.09
14.100  -0.08  0.09
14.110  -0.08  0.09
14.120  -0.08  0.09
14.130  -0.08  0.09
14.140  -0.08  0.09
14.150  -0.08  0.09
14.160  -0.08  0.09
14.170  -0.08  0.08
14.180  -0.07  0.08
14.190  -0.07  0.08
14.200  -0.07  0.08
14.210  -0.07  0.08
14.220  -0.07  0.07
14.230  -0.06  0.07
14.240  -0.06  0.07
14.250  -0.06  0.07
14.260  -0.06  0.06
14.270  -0.05  0.06
14.280  -0.05  0.06
14.290  -0.05  0.06
14.300  -0.05  0.05
14.310  -0.04  0.05
14.320  -0.04  0.05
14.330  -0.04  0.05
14.340  -0.04  0.04
14.350  -0.03  0.04
14.360  -0.03  0.04
14.370  -0.03  0.03
14.380  -0.02  0.03
14.390  -0.02  0.02
14.400  -0.02  0.02
14.410  -0.01  0.02
14.420  -0.01  0.01
14.430  -0.01  0.01
14.440  -0.00  0.01
14.450  0.00  0.00
14.460  0.01  0.00
14.470  0.01  -0.00
14.480  0.01  -0.00
14.490  0.02  -0.01
14.500  0.02  -0.01
14.510  0.02  -0.01
14.520  0.03  -0.01
14.530  0.03  -0.02
14.540  0.04  -0.02
14.550  0.04  -0.02
14.560  0.04  -0.03
14.570  0.05  -0.03
14.580  0.05  -0.03
14.590  0.05  -0.04
14.600  0.06  -0.04
14.610  0.06  -0.04
14.620  0.06  -0.05
14.630  0.07  -0.05
14.640  0.07  -0.06
14.650  0.07  -0.06
14.660  0.08  -0.06
14.670  0.08  -0.06
14.680  0.08  -0.07
14.690  0.09  -0.07
14.700  0.09  -0.07
14.710  0.09  -0.07
14.720  0.10  -0.08
14.730  0.10  -0.08
14.740  0.10  -0.08
14.750  0.10  -0.08
14.760  0.10  -0.08
14.770  0.11  -0.09
14.780  0.11  -0.09
14.790  0.11  -0.09
14.800  0.11  -0.09
14.810  0.11  -0.10
14.820  0.11  -0.10
14.830  0.11  -0.10
14.840  0.12  -0.10
14.850  0.12  -0.10
14.860  0.12  -0.10
14.870  0.12  -0.10
14.880  0.12  -0.11
14.890  0.12  -0.11
14.900  0.12  -0.11
14.910  0.12  -0.11
14.920  0.12  -0.11
14.930  0.12  -0.11
14.940  0.12  -0.11
14.950  0.12  -0.11
14.960  0.12  -0.11
14.970  0.12  -0.11
14.980  0.11  -0.11
14.990  0.11  -0.11
15.000  0.11  -0.11
15.010  0.11  -0.11
15.020  0.11  -0.10
15.030  0.10  -0.10
15.040  0.10  -0.10
15.050  0.10  -0.10
15.060  0.10  -0.10
15.070  0.09  -0.10
15.080  0.09  -0.10
15.090  0.09  -0.10
15.100  0.09  -0.09
15.110  0.08  -0.09
15.120  0.08  -0.09
15.130  0.08  -0.09
15.140  0.08  -0.08
15.150  0.07  -0.08
15.160  0.07  -0.08
15.170  0.07  -0.08
15.180  0.06  -0.08
15.190  0.06  -0.07
15.200  0.05  -0.07
15.210  0.05  -0.07
15.220  0.05  -0.06
15.230  0.05  -0.06
15.240  0.04  -0.06
15.250  0.04  -0.05
15.260  0.04  -0.05
15.270  0.03  -0.05
15.280  0.03  -0.04
15.290  0.03  -0.04
15.300  0.02  -0.04
15.310  0.02  -0.03
15.320  0.02  -0.03
15.330  0.02  -0.03
15.340  0.01  -0.02
15.350  0.01  -0.02
15.360  0.01  -0.02
15.370  0.00  -0.01
15.380  -0.00  -0.01
15.390  -0.01  -0.01
15.400  -0.01  -0.00
15.410  -0.01  0.00
15.420  -0.02  0.01
15.430  -0.02  0.01
15.440  -0.02  0.01
15.450  -0.03  0.01
15.460  -0.03  0.02
15.470  -0.03  0.02
15.480  -0.03  0.03
15.490  -0.04  0.03
15.500  -0.04  0.03
15.510  -0.04  0.03
15.520  -0.04  0.04
15.530  -0.04  0.04
15.540  -0.04  0.04
15.550  -0.05  0.05
15.560  -0.05  0.05
15.570  -0.05  0.05
15.580  -0.05  0.05
15.590  -0.05  0.06
15.600  -0.05  0.06
15.610  -0.06  0.06
15.620  -0.06  0.06
15.630  -0.06  0.06
15.640  -0.06  0.06
15.650  -0.06  0.07
15.660  -0.06  0.07
15.670  -0.06  0.07
15.680  -0.06  0.07
15.690  -0.06  0.07
15.700  -0.06  0.07
15.710  -0.06  0.07
15.720  -0.06  0.07
15.730  -0.06  0.08
15.740  -0.06  0.08
15.750  -0.06  0.08
15.760  -0.06  0.08
15.770  -0.06  0.08
15.780  -0.07  0.08
15.790  -0.07  0.08
15.800  -0.07  0.08
15.810  -0.07  0.08
15.820  -0.07  0.08
15.830  -0.07  0.08
15.840  -0.07  0.08
15.850  -0.07  0.08
15.860  -0.07  0.08
15.870  -0.07  0.08
15.880  -0.07  0.08
15.890  -0.06  0.08
15.900  -0.06  0.08
15.910  -0.06  0.08
15.920  -0.06  0.08
15.930  -0.06  0.08
15.940  -0.06  0.08
15.950  -0.06  0.07
15.960  -0.06  0.07
15.970  -0.05  0.07
15.980  -0.05  0.07
15.990  -0.05  0.06
16.000  -0.05  0.06
16.010  -0.04  0.06
16.020  -0.04  0.06
16.030  -0.04  0.05
16.040  -0.04  0.05
16.050  -0.03  0.05
16.060  -0.03  0.04
16.070  -0.03  0.04
16.080  -0.02  0.04
16.090  -0.02  0.03
16.100  -0.02  0.03
16.110  -0.01  0.03
16.120  -0.01  0.02
16.130  -0.01  0.02
16.140  -0.00  0.01
16.150  0.00  0.01
16.160  0.01  0.01
16.170  0.01  0.00
16.180  0.01  -0.00
16.190  0.02  -0.00
16.200  0.02  -0.01
16.210  0.02  -0.01
16.220  0.03  -0.02
16.230  0.03  -0.02
16.240  0.04  -0.02
16.250  0.04  -0.03
16.260  0.04  -0.03
16.270  0.05  -0.03
16.280  0.05  -0.03
16.290  0.05  -0.04
16.300  0.06  -0.04
16.310  0.06  -0.04
16.320  0.06  -0.05
16.330  0.07  -0.05
16.340  0.07  -0.05
16.350  0.08  -0.05
16.360  0.08  -0.06
16.370  0.08  -0.06
16.380  0.09  -0.06
16.390  0.09  -0.06
16.400  0.09  -0.07
16.410  0.10  -0.07
16.420  0.10  -0.07
16.430  0.10  -0.07
16.440  0.10  -0.08
16.450  0.11  -0.08
16.460  0.11  -0.08
16.470  0.11  -0.08
16.480  0.11  -0.09
16.490  0.12  -0.09
16.500  0.12  -0.09
16.510  0.12  -0.09
16.520  0.12  -0.09
16.530  0.13  -0.09
16.540  0.13  -0.10
16.550  0.13  -0.10
16.560  0.13  -0.10
16.570  0.13  -0.10
16.580  0.13  -0.10
16.590  0.13  -0.10
16.600  0.13  -0.10
16.610  0.13  -0.10
16.620  0.13  -0.10
16.630  0.13  -0.10
16.640  0.13  -0.10
16.650  0.13  -0.10
16.660  0.13  -0.10
16.670  0.13  -0.10
16.680  0.13  -0.11
16.690  0.13  -0.11
16.700  0.13  -0.11
16.710  0.13  -0.11
16.720  0.13  -0.10
16.730  0.13  -0.10
16.740  0.13  -0.10
16.750  0.12  -0.10
16.760  0.12  -0.10
16.770  0.12  -0.10
16.780  0.12  -0.10
16.790  0.11  -0.09
16.800  0.11  -0.09
16.810  0.11  -0.09
16.820  0.10  -0.09
16.830  0.10  -0.09
16.840  0.10  -0.09
16.850  0.09  -0.09
16.860  0.09  -0.08
16.870  0.09  -0.08
16.880  0.08  -0.08
16.890  0.08  -0.08
16.900  0.08  -0.07
16.910  0.07  -0.07
16.920  0.07  -0.07
16.930  0.07  -0.07
16.940  0.06  -0.06
16.950  0.06  -0.06
16.960  0.06  -0.06
16.970  0.05  -0.06
16.980  0.05  -0.05
16.990  0.05  -0.05
17.000  0.04  -0.04
17.010  0.04  -0.04
17.020  0.04  -0.04
17.030  0.03  -0.03
17.040  0.03  -0.03
17.050  0.03  -0.02
17.060  0.02  -0.02
17.070  0.02  -0.02
17.080  0.02  -0.01
17.090  0.01  -0.01
17.100  0.01  -0.01
17.110  0.01  -0.00
17.120  0.01  0.00
17.130  0.00  0.01
17.140  -0.00  0.01
17.150  -0.00  0.01
17.160  -0.01  0.01
17.170  -0.01  0.02
17.180  -0.01  0.02
17.190  -0.02  0.03
17.200  -0.02  0.03
17.210  -0.02  0.03
17.220  -0.02  0.03
17.230  -0.02  0.04
17.240  -0.03  0.04
17.250  -0.03  0.04
17.260  -0.03  0.05
17.270  -0.03  0.05
17.280  -0.04  0.05
17.290  -0.04  0.05
17.300  -0.04  0.06
17.310  -0.04  0.06
17.320  -0.04  0.06
17.330  -0.05  0.06
17.340  -0.05  0.06
17.350  -0.05  0.07
17.360  -0.05  0.07
17.370  -0.05  0.07
17.380  -0.05  0.07
17.390  -0.05  0.07
17.400  -0.05  0.07
17.410  -0.06  0.07
17.420  -0.06  0.08
17.430  -0.06  0.08
17.440  -0.06  0.08
17.450  -0.06  0.08
17.460  -0.06  0.08
17.470  -0.06  0.08
17.480  -0.06  0.08
17.490  -0.06  0.08
17.500  -0.06  0.08
17.510  -0.06  0.08
17.520  -0.06  0.08
17.530  -0.06  0.08
17.540  -0.06  0.08
17.550  -0.06  0.08
17.560  -0.06  0.08
17.570  -0.06  0.08
17.580  -0.06  0.08
17.590  -0.06  0.08
17.600  -0.06  0.08
17.610  -0.06  0.08
17.620  -0.06  0.08
17.630  -0.06  0.08
17.640  -0.06  0.08
17.650  -0.06  0.08
17.660  -0.05  0.08
17.670  -0.05  0.08
17.680  -0.05  0.07
17.690  -0.05  0.07
17.700  -0.05  0.07
17.710  -0.05  0.07
17.720  -0.05  0.07
17.730  -0.04  0.06
17.740  -0.04  0.06
17.750  -0.04  0.06
17.760  -0.04  0.06
17.770  -0.03  0.05
17.780  -0.03  0.05
17.790  -0.03  0.05
17.800  -0.03  0.05
17.810  -0.02  0.05
17.820  -0.02  0.04
17.830  -0.02  0.04
17.840  -0.01  0.04
17.850  -0.01  0.04
17.860  -0.01  0.03
17.870  -0.00  0.03
17.880  0.00  0.03
17.890  0.01  0.02
17.900  0.01  0.02
17.910  0.01  0.02
17.920  0.02  0.01
17.930  0.02  0.01
17.940  0.02  0.01
17.950  0.03  0.01
17.960  0.03  0.00
17.970  0.04  -0.00
17.980  0.04  -0.00
17.990  0.04  -0.01
18.000  0.05  -0.01
18.010  0.05  -0.01
18.020  0.06  -0.01
18.030  0.06  -0.02
18.040  0.06  -0.02
18.050  0.07  -0.03
18.060  0.07  -0.03
18.070  0.07  -0.03
18.080  0.08  -0.03
18.090  0.08  -0.04
18.100  0.09  -0.04
18.110  0.09  -0.04
18.120  0.09  -0.04
18.130  0.09  -0.05
18.140  0.10  -0.05
18.150  0.10  -0.05
18.160  0.10  -0.05
18.170  0.11  -0.06
18.180  0.11  -0.06
18.190  0.11  -0.06
18.200  0.11  -0.06
18.210  0.12  -0.06
18.220  0.12  -0.07
18.230  0.12  -0.07
18.240  0.12  -0.07
18.250  0.12  -0.07
18.260  0.13  -0.07
18.270  0.13  -0.07
18.280  0.13  -0.08
18.290  0.13  -0.08
18.300  0.13  -0.08
18.310  0.13  -0.08
18.320  0.13  -0.08
18.330  0.13  -0.08
18.340  0.13  -0.08
18.350  0.13  -0.08
18.360  0.13  -0.08
18.370  0.13  -0.08
18.380  0.13  -0.08
18.390  0.13  -0.08
18.400  0.13  -0.08
18.410  0.13  -0.08
18.420  0.13  -0.09
18.430  0.13  -0.09
18.440  0.13  -0.08
18.450  0.12  -0.08
18.460  0.12  -0.08
18.470  0.12  -0.08
18.480  0.12  -0.08
18.490  0.12  -0.08
18.500  0.12  -0.08
18.510  0.12  -0.08
18.520  0.11  -0.08
18.530  0.11  -0.08
18.540  0.11  -0.08
18.550  0.11  -0.08
18.560  0.11  -0.08
18.570  0.10  -0.08
18.580  0.10  -0.08
18.590  0.10  -0.07
18.600  0.10  -0.07
18.610  0.09  -0.07
18.620  0.09  -0.07
18.630  0.09  -0.07
18.640  0.08  -0.06
18.650  0.08  -0.06
18.660  0.08  -0.06
18.670  0.07  -0.05
18.680  0.07  -0.05
18.690  0.07  -0.05
18.700  0.06  -0.04
18.710  0.06  -0.04
18.720  0.06  -0.04
18.730  0.05  -0.04
18.740  0.05  -0.03
18.750  0.05  -0.03
18.760  0.04  -0.03
18.770  0.04  -0.02
18.780  0.04  -0.02
18.790  0.03  -0.02
18.800  0.03  -0.02
18.810  0.02  -0.01
18.820  0.02  -0.01
18.830  0.01  -0.00
18.840  0.01  -0.00
18.850  0.01  0.00
18.860  0.00  0.01
18.870  -0.00  0.01
18.880  -0.00  0.02
18.890  -0.01  0.02
18.900  -0.01  0.02
18.910  -0.02  0.03
18.920  -0.02  0.03
18.930  -0.02  0.03
18.940  -0.02  0.03
18.950  -0.03  0.04
18.960  -0.03  0.04
18.970  -0.03  0.04
18.980  -0.03  0.04
18.990  -0.04  0.05
19.000  -0.04  0.05
19.010  -0.04  0.05
19.020  -0.04  0.05
19.030  -0.05  0.06
19.040  -0.05  0.06
19.050  -0.05  0.06
19.060  -0.05  0.06
19.070  -0.05  0.07
19.080  -0.06  0.07
19.090  -0.06  0.07
19.100  -0.06  0.07
19.110  -0.06  0.08
19.120  -0.06  0.08
19.130  -0.06  0.08
19.140  -0.06  0.08
19.150  -0.07  0.08
19.160  -0.07  0.08
19.170  -0.07  0.08
19.180  -0.07  0.08
19.190  -0.07  0.08
19.200  -0.07  0.08
19.210  -0.07  0.08
19.220  -0.07  0.09
19.230  -0.07  0.09
19.240  -0.07  0.09
19.250  -0.07  0.09
19.260  -0.07  0.09
19.270  -0.08  0.08
19.280  -0.08  0.09
19.290  -0.08  0.09
19.300  -0.08  0.08
19.310  -0.08  0.08
19.320  -0.07  0.08
19.330  -0.07  0.08
19.340  -0.07  0.08
19.350  -0.07  0.08
19.360  -0.07  0.08
19.370  -0.07  0.07
19.380  -0.07  0.07
19.390  -0.07  0.07
19.400  -0.07  0.07
19.410  -0.06  0.07
19.420  -0.06  0.07
19.430  -0.06  0.07
19.440  -0.06  0.06
19.450  -0.06  0.06
19.460  -0.06  0.06
19.470  -0.05  0.06
19.480  -0.05  0.05
19.490  -0.05  0.05
19.500  -0.04  0.05
19.510  -0.04  0.05
19.520  -0.04  0.04
19.530  -0.03  0.04
19.540  -0.03  0.04
19.550  -0.03  0.04
19.560  -0.02  0.03
19.570  -0.02  0.03
19.580  -0.02  0.03
19.590  -0.01  0.02
19.600  -0.01  0.02
19.610  -0.01  0.02
19.620  -0.00  0.01
19.630  -0.00  0.01
19.640  0.00  0.01
19.650  0.01  0.01
19.660  0.01  0.00
19.670  0.01  0.00
19.680  0.02  -0.00
19.690  0.02  -0.00
19.700  0.03  -0.01
19.710  0.03  -0.01
19.720  0.03  -0.02
19.730  0.04  -0.02
19.740  0.04  -0.02
19.750  0.04  -0.02
19.760  0.05  -0.03
19.770  0.05  -0.03
19.780  0.05  -0.03
19.790  0.06  -0.03
19.800  0.06  -0.04
19.810  0.06  -0.04
19.820  0.07  -0.04
19.830  0.07  -0.05
19.840  0.07  -0.05
19.850  0.08  -0.05
19.860  0.08  -0.05
19.870  0.08  -0.05
19.880  0.09  -0.06
19.890  0.09  -0.06
19.900  0.09  -0.06
19.910  0.10  -0.07
19.920  0.10  -0.07
19.930  0.10  -0.07
19.940  0.10  -0.07
19.950  0.11  -0.07
19.960  0.11  -0.08
19.970  0.11  -0.08
19.980  0.11  -0.08
19.990  0.11  -0.08
20.000  0.12  -0.08
20.010  0.12  -0.08
20.020  0.12  -0.09
20.030  0.12  -0.09
20.040  0.12  -0.09
20.050  0.13  -0.09
20.060  0.13  -0.09
20.070  0.13  -0.09
20.080  0.13  -0.09
20.090  0.13  -0.09
20.100  0.13  -0.09
20.110  0.13  -0.10
20.120  0.13  -0.10
20.130  0.13  -0.10
20.140  0.13  -0.10
20.150  0.13  -0.10
20.160  0.13  -0.10
20.170  0.13  -0.10
20.180  0.13  -0.10
20.190  0.13  -0.10
