0	-0.02	0.01
0.01	-0.01	0.02
0.02	-0.01	0.02
0.03	-0.01	0.02
0.04	-0.01	0.02
0.05	-0.01	0.02
0.06	-0.01	0.02
0.07	-0.01	0.02
0.08	-0.01	0.02
0.09	-0.01	0.02
0.1	0	0.02
0.11	0	0.02
0.12	0	0.02
0.13	0	0.03
0.14	0	0.03
0.15	0	0.03
0.16	0	0.03
0.17	0.01	0.03
0.18	0.01	0.03
0.19	0.01	0.03
0.2	0.01	0.03
0.21	0.01	0.04
0.22	0.01	0.04
0.23	0.01	0.04
0.24	0.02	0.04
0.25	0.02	0.04
0.26	0.02	0.04
0.27	0.02	0.05
0.28	0.02	0.05
0.29	0.02	0.05
0.3	0.03	0.05
0.31	0.03	0.05
0.32	0.03	0.06
0.33	0.04	0.06
0.34	0.04	0.06
0.35	0.04	0.07
0.36	0.05	0.07
0.37	0.05	0.08
0.38	0.05	0.08
0.39	0.06	0.08
0.4	0.06	0.09
0.41	0.06	0.09
0.42	0.07	0.09
0.43	0.07	0.09
0.44	0.07	0.1
0.45	0.07	0.1
0.46	0.08	0.1
0.47	0.08	0.11
0.48	0.08	0.11
0.49	0.09	0.11
0.5	0.09	0.11
0.51	0.09	0.12
0.52	0.1	0.12
0.53	0.1	0.12
0.54	0.1	0.12
0.55	0.1	0.12
0.56	0.11	0.12
0.57	0.11	0.12
0.58	0.11	0.13
0.59	0.11	0.13
0.6	0.11	0.13
0.61	0.11	0.13
0.62	0.12	0.13
0.63	0.11	0.13
0.64	0.12	0.13
0.65	0.11	0.12
0.66	0.11	0.12
0.67	0.12	0.12
0.68	0.11	0.12
0.69	0.12	0.12
0.7	0.11	0.12
0.71	0.11	0.12
0.72	0.11	0.12
0.73	0.11	0.11
0.74	0.11	0.11
0.75	0.11	0.11
0.76	0.11	0.11
0.77	0.11	0.11
0.78	0.11	0.1
0.79	0.11	0.1
0.8	0.1	0.1
0.81	0.1	0.1
0.82	0.1	0.09
0.83	0.1	0.09
0.84	0.09	0.09
0.85	0.09	0.09
0.86	0.09	0.08
0.87	0.09	0.08
0.88	0.08	0.08
0.89	0.08	0.08
0.9	0.08	0.07
0.91	0.08	0.07
0.92	0.07	0.07
0.93	0.07	0.06
0.94	0.07	0.06
0.95	0.06	0.06
0.96	0.06	0.05
0.97	0.06	0.05
0.98	0.05	0.04
0.99	0.05	0.04
1	0.05	0.04
1.01	0.04	0.03
1.02	0.04	0.03
1.03	0.04	0.03
1.04	0.03	0.02
1.05	0.03	0.02
1.06	0.02	0.02
1.07	0.02	0.01
1.08	0.01	0.01
1.09	0.01	0
1.1	0	0
1.11	0	0
1.12	0	-0.01
1.13	-0.01	-0.01
1.14	-0.01	-0.01
1.15	-0.02	-0.02
1.16	-0.02	-0.02
1.17	-0.03	-0.03
1.18	-0.03	-0.03
1.19	-0.04	-0.03
1.2	-0.04	-0.04
1.21	-0.05	-0.04
1.22	-0.05	-0.04
1.23	-0.06	-0.05
1.24	-0.06	-0.05
1.25	-0.06	-0.05
1.26	-0.07	-0.06
1.27	-0.07	-0.06
1.28	-0.08	-0.06
1.29	-0.08	-0.06
1.3	-0.08	-0.07
1.31	-0.09	-0.07
1.32	-0.09	-0.07
1.33	-0.09	-0.07
1.34	-0.1	-0.08
1.35	-0.1	-0.08
1.36	-0.1	-0.08
1.37	-0.11	-0.08
1.38	-0.11	-0.08
1.39	-0.11	-0.09
1.4	-0.12	-0.09
1.41	-0.12	-0.09
1.42	-0.12	-0.09
1.43	-0.12	-0.09
1.44	-0.13	-0.09
1.45	-0.13	-0.09
1.46	-0.13	-0.1
1.47	-0.13	-0.1
1.48	-0.14	-0.1
1.49	-0.14	-0.1
1.5	-0.14	-0.1
1.51	-0.14	-0.1
1.52	-0.14	-0.1
1.53	-0.15	-0.1
1.54	-0.15	-0.1
1.55	-0.15	-0.1
1.56	-0.15	-0.1
1.57	-0.15	-0.1
1.58	-0.15	-0.11
1.59	-0.15	-0.11
1.6	-0.15	-0.11
1.61	-0.15	-0.11
1.62	-0.15	-0.11
1.63	-0.15	-0.11
1.64	-0.15	-0.11
1.65	-0.15	-0.11
1.66	-0.15	-0.11
1.67	-0.15	-0.11
1.68	-0.15	-0.11
1.69	-0.15	-0.11
1.7	-0.15	-0.1
1.71	-0.15	-0.1
1.72	-0.15	-0.1
1.73	-0.15	-0.1
1.74	-0.14	-0.1
1.75	-0.14	-0.1
1.76	-0.14	-0.1
1.77	-0.14	-0.09
1.78	-0.13	-0.09
1.79	-0.13	-0.09
1.8	-0.13	-0.09
1.81	-0.13	-0.09
1.82	-0.12	-0.08
1.83	-0.12	-0.08
1.84	-0.12	-0.08
1.85	-0.12	-0.07
1.86	-0.11	-0.07
1.87	-0.11	-0.07
1.88	-0.11	-0.07
1.89	-0.11	-0.06
1.9	-0.1	-0.06
1.91	-0.1	-0.06
1.92	-0.1	-0.05
1.93	-0.09	-0.05
1.94	-0.09	-0.05
1.95	-0.09	-0.04
1.96	-0.08	-0.04
1.97	-0.08	-0.04
1.98	-0.08	-0.03
1.99	-0.07	-0.03
2	-0.07	-0.03
2.01	-0.07	-0.02
2.02	-0.06	-0.02
2.03	-0.06	-0.02
2.04	-0.05	-0.01
2.05	-0.05	-0.01
2.06	-0.05	-0.01
2.07	-0.04	0
2.08	-0.04	0
2.09	-0.04	0
2.1	-0.03	0.01
2.11	-0.03	0.01
2.12	-0.02	0.01
2.13	-0.02	0.02
2.14	-0.02	0.02
2.15	-0.01	0.02
2.16	-0.01	0.03
2.17	0	0.03
2.18	0	0.04
2.19	0	0.04
2.2	0.01	0.04
2.21	0.01	0.04
2.22	0.02	0.05
2.23	0.02	0.05
2.24	0.02	0.05
2.25	0.03	0.06
2.26	0.03	0.06
2.27	0.04	0.06
2.28	0.04	0.07
2.29	0.05	0.07
2.3	0.05	0.07
2.31	0.05	0.08
2.32	0.06	0.08
2.33	0.06	0.08
2.34	0.06	0.09
2.35	0.07	0.09
2.36	0.07	0.09
2.37	0.08	0.09
2.38	0.08	0.1
2.39	0.08	0.1
2.4	0.08	0.1
2.41	0.09	0.11
2.42	0.09	0.11
2.43	0.09	0.11
2.44	0.09	0.11
2.45	0.1	0.11
2.46	0.1	0.11
2.47	0.1	0.12
2.48	0.11	0.12
2.49	0.11	0.12
2.5	0.11	0.12
2.51	0.11	0.13
2.52	0.11	0.13
2.53	0.11	0.13
2.54	0.12	0.13
2.55	0.12	0.13
2.56	0.12	0.13
2.57	0.12	0.13
2.58	0.12	0.13
2.59	0.12	0.13
2.6	0.12	0.13
2.61	0.12	0.13
2.62	0.12	0.13
2.63	0.12	0.13
2.64	0.12	0.13
2.65	0.12	0.13
2.66	0.12	0.12
2.67	0.12	0.12
2.68	0.12	0.12
2.69	0.12	0.12
2.7	0.12	0.12
2.71	0.12	0.12
2.72	0.12	0.11
2.73	0.11	0.11
2.74	0.11	0.11
2.75	0.11	0.11
2.76	0.11	0.1
2.77	0.11	0.1
2.78	0.1	0.1
2.79	0.1	0.09
2.8	0.1	0.09
2.81	0.09	0.09
2.82	0.09	0.09
2.83	0.09	0.08
2.84	0.08	0.08
2.85	0.08	0.08
2.86	0.08	0.07
2.87	0.07	0.07
2.88	0.07	0.07
2.89	0.07	0.06
2.9	0.06	0.06
2.91	0.06	0.06
2.92	0.05	0.05
2.93	0.05	0.05
2.94	0.05	0.05
2.95	0.04	0.04
2.96	0.04	0.04
2.97	0.03	0.04
2.98	0.03	0.03
2.99	0.02	0.03
3	0.02	0.02
3.01	0.01	0.02
3.02	0.01	0.02
3.03	0	0.01
3.04	0	0.01
3.05	0	0.01
3.06	-0.01	0
3.07	-0.02	0
3.08	-0.02	0
3.09	-0.03	-0.01
3.1	-0.03	-0.01
3.11	-0.03	-0.02
3.12	-0.04	-0.02
3.13	-0.04	-0.03
3.14	-0.05	-0.03
3.15	-0.05	-0.03
3.16	-0.05	-0.04
3.17	-0.06	-0.04
3.18	-0.06	-0.04
3.19	-0.07	-0.05
3.2	-0.07	-0.05
3.21	-0.08	-0.05
3.22	-0.08	-0.06
3.23	-0.08	-0.06
3.24	-0.09	-0.06
3.25	-0.09	-0.07
3.26	-0.09	-0.07
3.27	-0.1	-0.07
3.28	-0.1	-0.08
3.29	-0.11	-0.08
3.3	-0.11	-0.08
3.31	-0.11	-0.08
3.32	-0.12	-0.09
3.33	-0.12	-0.09
3.34	-0.12	-0.09
3.35	-0.13	-0.09
3.36	-0.13	-0.1
3.37	-0.13	-0.1
3.38	-0.13	-0.1
3.39	-0.13	-0.1
3.4	-0.14	-0.1
3.41	-0.14	-0.1
3.42	-0.14	-0.11
3.43	-0.14	-0.11
3.44	-0.15	-0.11
3.45	-0.15	-0.11
3.46	-0.15	-0.11
3.47	-0.15	-0.11
3.48	-0.15	-0.11
3.49	-0.15	-0.12
3.5	-0.15	-0.12
3.51	-0.15	-0.12
3.52	-0.15	-0.12
3.53	-0.15	-0.12
3.54	-0.15	-0.12
3.55	-0.16	-0.12
3.56	-0.15	-0.12
3.57	-0.15	-0.12
3.58	-0.15	-0.12
3.59	-0.15	-0.12
3.6	-0.15	-0.12
3.61	-0.15	-0.12
3.62	-0.15	-0.12
3.63	-0.15	-0.12
3.64	-0.15	-0.12
3.65	-0.15	-0.12
3.66	-0.15	-0.11
3.67	-0.15	-0.11
3.68	-0.14	-0.11
3.69	-0.14	-0.11
3.7	-0.14	-0.11
3.71	-0.14	-0.11
3.72	-0.14	-0.11
3.73	-0.14	-0.11
3.74	-0.13	-0.1
3.75	-0.13	-0.1
3.76	-0.13	-0.1
3.77	-0.13	-0.1
3.78	-0.13	-0.09
3.79	-0.12	-0.09
3.8	-0.12	-0.09
3.81	-0.12	-0.09
3.82	-0.12	-0.08
3.83	-0.11	-0.08
3.84	-0.11	-0.08
3.85	-0.11	-0.08
3.86	-0.11	-0.07
3.87	-0.1	-0.07
3.88	-0.1	-0.06
3.89	-0.1	-0.06
3.9	-0.09	-0.06
3.91	-0.09	-0.05
3.92	-0.09	-0.05
3.93	-0.08	-0.05
3.94	-0.08	-0.04
3.95	-0.08	-0.04
3.96	-0.07	-0.04
3.97	-0.07	-0.03
3.98	-0.07	-0.03
3.99	-0.06	-0.02
4	-0.06	-0.02
4.01	-0.05	-0.02
4.02	-0.05	-0.01
4.03	-0.05	-0.01
4.04	-0.04	-0.01
4.05	-0.04	0
4.06	-0.03	0
4.07	-0.03	0
4.08	-0.02	0.01
4.09	-0.02	0.01
4.1	-0.01	0.01
4.11	-0.01	0.02
4.12	0	0.02
4.13	0	0.03
4.14	0.01	0.03
4.15	0.01	0.03
4.16	0.02	0.03
4.17	0.02	0.03
4.18	0.03	0.04
4.19	0.03	0.04
4.2	0.03	0.05
4.21	0.04	0.05
4.22	0.04	0.05
4.23	0.05	0.06
4.24	0.05	0.06
4.25	0.05	0.06
4.26	0.06	0.06
4.27	0.06	0.07
4.28	0.07	0.07
4.29	0.07	0.07
4.3	0.07	0.07
4.31	0.08	0.08
4.32	0.08	0.08
4.33	0.09	0.08
4.34	0.09	0.09
4.35	0.09	0.09
4.36	0.09	0.09
4.37	0.1	0.09
4.38	0.1	0.1
4.39	0.1	0.1
4.4	0.1	0.1
4.41	0.1	0.1
4.42	0.11	0.11
4.43	0.11	0.11
4.44	0.11	0.11
4.45	0.11	0.11
4.46	0.11	0.11
4.47	0.11	0.11
4.48	0.11	0.11
4.49	0.11	0.12
4.5	0.12	0.11
4.51	0.12	0.11
4.52	0.12	0.11
4.53	0.12	0.11
4.54	0.12	0.11
4.55	0.12	0.11
4.56	0.12	0.11
4.57	0.12	0.11
4.58	0.12	0.11
4.59	0.12	0.11
4.6	0.12	0.11
4.61	0.11	0.11
4.62	0.11	0.11
4.63	0.11	0.11
4.64	0.11	0.11
4.65	0.11	0.11
4.66	0.11	0.1
4.67	0.1	0.1
4.68	0.1	0.1
4.69	0.1	0.1
4.7	0.1	0.1
4.71	0.1	0.1
4.72	0.09	0.09
4.73	0.09	0.09
4.74	0.09	0.09
4.75	0.09	0.09
4.76	0.08	0.09
4.77	0.08	0.08
4.78	0.08	0.08
4.79	0.07	0.08
4.8	0.07	0.08
4.81	0.06	0.07
4.82	0.06	0.07
4.83	0.06	0.07
4.84	0.05	0.07
4.85	0.05	0.06
4.86	0.04	0.06
4.87	0.04	0.06
4.88	0.03	0.05
4.89	0.03	0.05
4.9	0.02	0.05
4.91	0.02	0.04
4.92	0.01	0.04
4.93	0.01	0.04
4.94	0	0.03
4.95	0	0.03
4.96	0	0.03
4.97	-0.01	0.02
4.98	-0.01	0.02
4.99	-0.02	0.02
5	-0.02	0.01
5.01	-0.03	0.01
5.02	-0.03	0.01
5.03	-0.04	0
5.04	-0.04	0
5.05	-0.04	0
5.06	-0.05	-0.01
5.07	-0.05	-0.01
5.08	-0.06	-0.01
5.09	-0.06	-0.02
5.1	-0.07	-0.02
5.11	-0.07	-0.02
5.12	-0.07	-0.03
5.13	-0.08	-0.03
5.14	-0.08	-0.03
5.15	-0.08	-0.04
5.16	-0.09	-0.04
5.17	-0.09	-0.04
5.18	-0.09	-0.05
5.19	-0.1	-0.05
5.2	-0.1	-0.05
5.21	-0.1	-0.05
5.22	-0.11	-0.06
5.23	-0.11	-0.06
5.24	-0.11	-0.06
5.25	-0.11	-0.07
5.26	-0.12	-0.07
5.27	-0.12	-0.07
5.28	-0.12	-0.08
5.29	-0.12	-0.08
5.3	-0.13	-0.08
5.31	-0.13	-0.08
5.32	-0.13	-0.08
5.33	-0.14	-0.09
5.34	-0.14	-0.09
5.35	-0.14	-0.09
5.36	-0.14	-0.09
5.37	-0.14	-0.09
5.38	-0.14	-0.09
5.39	-0.14	-0.1
5.4	-0.14	-0.1
5.41	-0.15	-0.1
5.42	-0.15	-0.1
5.43	-0.15	-0.1
5.44	-0.15	-0.1
5.45	-0.15	-0.1
5.46	-0.15	-0.1
5.47	-0.15	-0.1
5.48	-0.15	-0.11
5.49	-0.15	-0.11
5.5	-0.15	-0.11
5.51	-0.15	-0.11
5.52	-0.15	-0.11
5.53	-0.15	-0.11
5.54	-0.15	-0.11
5.55	-0.15	-0.11
5.56	-0.15	-0.11
5.57	-0.15	-0.11
5.58	-0.15	-0.11
5.59	-0.15	-0.11
5.6	-0.15	-0.11
5.61	-0.15	-0.11
5.62	-0.15	-0.11
5.63	-0.14	-0.11
5.64	-0.14	-0.11
5.65	-0.14	-0.11
5.66	-0.14	-0.11
5.67	-0.14	-0.11
5.68	-0.14	-0.11
5.69	-0.14	-0.1
5.7	-0.13	-0.1
5.71	-0.13	-0.1
5.72	-0.13	-0.1
5.73	-0.13	-0.1
5.74	-0.12	-0.09
5.75	-0.12	-0.09
5.76	-0.12	-0.09
5.77	-0.11	-0.09
5.78	-0.11	-0.08
5.79	-0.11	-0.08
5.8	-0.11	-0.08
5.81	-0.1	-0.07
5.82	-0.1	-0.07
5.83	-0.09	-0.07
5.84	-0.09	-0.07
5.85	-0.09	-0.06
5.86	-0.08	-0.06
5.87	-0.08	-0.05
5.88	-0.08	-0.05
5.89	-0.07	-0.05
5.9	-0.07	-0.05
5.91	-0.06	-0.04
5.92	-0.06	-0.04
5.93	-0.06	-0.03
5.94	-0.05	-0.03
5.95	-0.05	-0.02
5.96	-0.04	-0.02
5.97	-0.04	-0.02
5.98	-0.03	-0.01
5.99	-0.03	-0.01
6	-0.02	0
6.01	-0.02	0
6.02	-0.02	0
6.03	-0.01	0.01
6.04	-0.01	0.01
6.05	0	0.01
6.06	0	0.02
6.07	0	0.02
6.08	0.01	0.03
6.09	0.01	0.03
6.1	0.02	0.03
6.11	0.02	0.04
6.12	0.03	0.04
6.13	0.03	0.04
6.14	0.03	0.05
6.15	0.04	0.05
6.16	0.04	0.05
6.17	0.05	0.05
6.18	0.05	0.06
6.19	0.05	0.06
6.2	0.06	0.06
6.21	0.06	0.07
6.22	0.06	0.07
6.23	0.07	0.07
6.24	0.07	0.07
6.25	0.07	0.07
6.26	0.08	0.08
6.27	0.08	0.08
6.28	0.08	0.08
6.29	0.09	0.09
6.3	0.09	0.09
6.31	0.09	0.09
6.32	0.1	0.09
6.33	0.1	0.1
6.34	0.1	0.1
6.35	0.1	0.1
6.36	0.1	0.1
6.37	0.11	0.1
6.38	0.11	0.1
6.39	0.11	0.11
6.4	0.11	0.11
6.41	0.11	0.11
6.42	0.11	0.11
6.43	0.11	0.11
6.44	0.11	0.11
6.45	0.12	0.11
6.46	0.12	0.11
6.47	0.12	0.11
6.48	0.12	0.11
6.49	0.12	0.11
6.5	0.12	0.12
6.51	0.11	0.12
6.52	0.11	0.12
6.53	0.11	0.12
6.54	0.11	0.12
6.55	0.11	0.12
6.56	0.11	0.11
6.57	0.11	0.11
6.58	0.11	0.11
6.59	0.1	0.11
6.6	0.1	0.11
6.61	0.1	0.11
6.62	0.1	0.11
6.63	0.1	0.1
6.64	0.1	0.1
6.65	0.09	0.1
6.66	0.09	0.1
6.67	0.09	0.1
6.68	0.09	0.09
6.69	0.08	0.09
6.7	0.08	0.09
6.71	0.08	0.09
6.72	0.08	0.09
6.73	0.07	0.09
6.74	0.07	0.08
6.75	0.07	0.08
6.76	0.06	0.08
6.77	0.06	0.08
6.78	0.06	0.07
6.79	0.05	0.07
6.8	0.05	0.07
6.81	0.05	0.07
6.82	0.04	0.06
6.83	0.04	0.06
6.84	0.03	0.05
6.85	0.03	0.05
6.86	0.03	0.05
6.87	0.02	0.05
6.88	0.02	0.04
6.89	0.01	0.04
6.9	0.01	0.03
6.91	0	0.03
6.92	0	0.03
6.93	-0.01	0.02
6.94	-0.01	0.02
6.95	-0.02	0.02
6.96	-0.02	0.01
6.97	-0.02	0.01
6.98	-0.03	0.01
6.99	-0.04	0
7	-0.04	0
7.01	-0.05	0
7.02	-0.05	-0.01
7.03	-0.06	-0.01
7.04	-0.06	-0.02
7.05	-0.07	-0.02
7.06	-0.07	-0.02
7.07	-0.07	-0.03
7.08	-0.08	-0.03
7.09	-0.08	-0.03
7.1	-0.09	-0.04
7.11	-0.09	-0.04
7.12	-0.09	-0.04
7.13	-0.1	-0.05
7.14	-0.1	-0.05
7.15	-0.1	-0.05
7.16	-0.11	-0.06
7.17	-0.11	-0.06
7.18	-0.11	-0.06
7.19	-0.11	-0.06
7.2	-0.12	-0.07
7.21	-0.12	-0.07
7.22	-0.12	-0.07
7.23	-0.13	-0.07
7.24	-0.13	-0.08
7.25	-0.13	-0.08
7.26	-0.13	-0.08
7.27	-0.14	-0.08
7.28	-0.14	-0.08
7.29	-0.14	-0.09
7.3	-0.14	-0.09
7.31	-0.14	-0.09
7.32	-0.14	-0.09
7.33	-0.15	-0.09
7.34	-0.15	-0.09
7.35	-0.15	-0.1
7.36	-0.15	-0.1
7.37	-0.15	-0.1
7.38	-0.15	-0.1
7.39	-0.15	-0.1
7.4	-0.15	-0.1
7.41	-0.16	-0.1
7.42	-0.16	-0.1
7.43	-0.16	-0.1
7.44	-0.16	-0.1
7.45	-0.16	-0.1
7.46	-0.16	-0.11
7.47	-0.16	-0.11
7.48	-0.16	-0.11
7.49	-0.16	-0.11
7.5	-0.15	-0.11
7.51	-0.15	-0.11
7.52	-0.15	-0.11
7.53	-0.15	-0.11
7.54	-0.15	-0.1
7.55	-0.15	-0.1
7.56	-0.15	-0.1
7.57	-0.15	-0.1
7.58	-0.15	-0.1
7.59	-0.14	-0.1
7.6	-0.14	-0.1
7.61	-0.14	-0.1
7.62	-0.14	-0.1
7.63	-0.14	-0.1
7.64	-0.14	-0.1
7.65	-0.13	-0.1
7.66	-0.13	-0.1
7.67	-0.13	-0.09
7.68	-0.13	-0.09
7.69	-0.12	-0.09
7.7	-0.12	-0.09
7.71	-0.12	-0.09
7.72	-0.11	-0.09
7.73	-0.11	-0.08
7.74	-0.11	-0.08
7.75	-0.11	-0.08
7.76	-0.1	-0.08
7.77	-0.1	-0.07
7.78	-0.1	-0.07
7.79	-0.09	-0.07
7.8	-0.09	-0.06
7.81	-0.09	-0.06
7.82	-0.08	-0.06
7.83	-0.08	-0.05
7.84	-0.07	-0.05
7.85	-0.07	-0.05
7.86	-0.07	-0.04
7.87	-0.06	-0.04
7.88	-0.06	-0.04
7.89	-0.05	-0.03
7.9	-0.05	-0.03
7.91	-0.05	-0.03
7.92	-0.04	-0.02
7.93	-0.04	-0.02
7.94	-0.03	-0.02
7.95	-0.03	-0.01
7.96	-0.02	-0.01
7.97	-0.02	-0.01
7.98	-0.01	0
7.99	-0.01	0
8	0	0
8.01	0	0.01
8.02	0	0.01
8.03	0.01	0.02
8.04	0.01	0.02
8.05	0.02	0.02
8.06	0.02	0.03
8.07	0.03	0.03
8.08	0.03	0.03
8.09	0.03	0.04
8.1	0.04	0.04
8.11	0.04	0.04
8.12	0.05	0.05
8.13	0.05	0.05
8.14	0.05	0.05
8.15	0.06	0.06
8.16	0.06	0.06
8.17	0.06	0.06
8.18	0.07	0.07
8.19	0.07	0.07
8.2	0.07	0.07
8.21	0.08	0.08
8.22	0.08	0.08
8.23	0.08	0.08
8.24	0.08	0.09
8.25	0.08	0.09
8.26	0.09	0.09
8.27	0.09	0.1
8.28	0.09	0.1
8.29	0.09	0.1
8.3	0.1	0.1
8.31	0.1	0.11
8.32	0.1	0.11
8.33	0.1	0.11
8.34	0.1	0.11
8.35	0.1	0.11
8.36	0.1	0.11
8.37	0.1	0.12
8.38	0.1	0.12
8.39	0.1	0.12
8.4	0.1	0.12
8.41	0.11	0.12
8.42	0.11	0.12
8.43	0.11	0.12
8.44	0.11	0.12
8.45	0.11	0.13
8.46	0.11	0.12
8.47	0.11	0.13
8.48	0.11	0.13
8.49	0.1	0.13
8.5	0.1	0.13
8.51	0.1	0.12
8.52	0.1	0.12
8.53	0.1	0.12
8.54	0.1	0.12
8.55	0.1	0.12
8.56	0.09	0.12
8.57	0.09	0.12
8.58	0.09	0.12
8.59	0.09	0.12
8.6	0.08	0.12
8.61	0.08	0.11
8.62	0.08	0.11
8.63	0.08	0.11
8.64	0.07	0.11
8.65	0.07	0.1
8.66	0.07	0.1
8.67	0.06	0.1
8.68	0.06	0.1
8.69	0.06	0.09
8.7	0.05	0.09
8.71	0.05	0.09
8.72	0.05	0.08
8.73	0.04	0.08
8.74	0.04	0.08
8.75	0.03	0.07
8.76	0.03	0.07
8.77	0.02	0.07
8.78	0.02	0.06
8.79	0.02	0.06
8.8	0.01	0.06
8.81	0.01	0.05
8.82	0.01	0.05
8.83	0	0.05
8.84	0	0.04
8.85	-0.01	0.04
8.86	-0.01	0.03
8.87	-0.01	0.03
8.88	-0.02	0.02
8.89	-0.02	0.02
8.9	-0.03	0.02
8.91	-0.03	0.01
8.92	-0.04	0.01
8.93	-0.04	0.01
8.94	-0.04	0
8.95	-0.05	0
8.96	-0.05	0
8.97	-0.06	-0.01
8.98	-0.06	-0.01
8.99	-0.06	-0.01
9	-0.07	-0.02
9.01	-0.07	-0.02
9.02	-0.08	-0.02
9.03	-0.08	-0.03
9.04	-0.08	-0.03
9.05	-0.08	-0.03
9.06	-0.09	-0.04
9.07	-0.09	-0.04
9.08	-0.09	-0.04
9.09	-0.1	-0.05
9.1	-0.1	-0.05
9.11	-0.1	-0.05
9.12	-0.11	-0.06
9.13	-0.11	-0.06
9.14	-0.11	-0.06
9.15	-0.11	-0.07
9.16	-0.12	-0.07
9.17	-0.12	-0.07
9.18	-0.12	-0.08
9.19	-0.12	-0.08
9.2	-0.12	-0.08
9.21	-0.13	-0.08
9.22	-0.13	-0.08
9.23	-0.13	-0.09
9.24	-0.13	-0.09
9.25	-0.13	-0.09
9.26	-0.13	-0.09
9.27	-0.13	-0.1
9.28	-0.14	-0.1
9.29	-0.14	-0.1
9.3	-0.14	-0.1
9.31	-0.14	-0.1
9.32	-0.14	-0.11
9.33	-0.14	-0.11
9.34	-0.14	-0.11
9.35	-0.14	-0.11
9.36	-0.14	-0.11
9.37	-0.14	-0.11
9.38	-0.14	-0.11
9.39	-0.14	-0.11
9.4	-0.14	-0.12
9.41	-0.14	-0.12
9.42	-0.14	-0.12
9.43	-0.14	-0.12
9.44	-0.14	-0.12
9.45	-0.14	-0.12
9.46	-0.14	-0.12
9.47	-0.14	-0.12
9.48	-0.14	-0.12
9.49	-0.14	-0.12
9.5	-0.14	-0.12
9.51	-0.14	-0.12
9.52	-0.13	-0.12
9.53	-0.13	-0.12
9.54	-0.13	-0.11
9.55	-0.13	-0.11
9.56	-0.13	-0.11
9.57	-0.13	-0.11
9.58	-0.12	-0.11
9.59	-0.12	-0.11
9.6	-0.12	-0.11
9.61	-0.12	-0.1
9.62	-0.12	-0.1
9.63	-0.11	-0.1
9.64	-0.11	-0.1
9.65	-0.11	-0.1
9.66	-0.11	-0.09
9.67	-0.1	-0.09
9.68	-0.1	-0.09
9.69	-0.1	-0.09
9.7	-0.09	-0.08
9.71	-0.09	-0.08
9.72	-0.09	-0.08
9.73	-0.08	-0.07
9.74	-0.08	-0.07
9.75	-0.08	-0.07
9.76	-0.07	-0.06
9.77	-0.07	-0.06
9.78	-0.07	-0.06
9.79	-0.06	-0.06
9.8	-0.06	-0.05
9.81	-0.06	-0.05
9.82	-0.05	-0.05
9.83	-0.05	-0.04
9.84	-0.05	-0.04
9.85	-0.04	-0.04
9.86	-0.04	-0.03
9.87	-0.03	-0.03
9.88	-0.03	-0.02
9.89	-0.03	-0.02
9.9	-0.02	-0.02
9.91	-0.02	-0.01
9.92	-0.02	-0.01
9.93	-0.01	-0.01
9.94	-0.01	-0.01
9.95	0	0
9.96	0	0
9.97	0	0.01
9.98	0.01	0.01
9.99	0.01	0.01
10	0.02	0.02
10.01	0.02	0.02
10.02	0.02	0.02
10.03	0.03	0.03
10.04	0.03	0.03
10.05	0.04	0.03
10.06	0.04	0.04
10.07	0.04	0.04
10.08	0.05	0.05
10.09	0.05	0.05
10.1	0.05	0.06
10.11	0.06	0.06
10.12	0.06	0.06
10.13	0.06	0.07
10.14	0.07	0.07
10.15	0.07	0.07
10.16	0.07	0.08
10.17	0.08	0.08
10.18	0.08	0.08
10.19	0.08	0.09
10.2	0.08	0.09
10.21	0.09	0.09
10.22	0.09	0.1
10.23	0.09	0.1
10.24	0.1	0.1
10.25	0.1	0.11
10.26	0.1	0.11
10.27	0.1	0.11
10.28	0.1	0.11
10.29	0.11	0.12
10.3	0.11	0.12
10.31	0.11	0.12
10.32	0.11	0.12
10.33	0.11	0.13
10.34	0.11	0.13
10.35	0.11	0.13
10.36	0.11	0.13
10.37	0.11	0.13
10.38	0.11	0.13
10.39	0.11	0.13
10.4	0.11	0.13
10.41	0.11	0.13
10.42	0.11	0.13
10.43	0.11	0.13
10.44	0.1	0.13
10.45	0.1	0.13
10.46	0.1	0.13
10.47	0.1	0.13
10.48	0.1	0.13
10.49	0.1	0.12
10.5	0.1	0.12
10.51	0.09	0.12
10.52	0.09	0.12
10.53	0.09	0.12
10.54	0.09	0.12
10.55	0.09	0.11
10.56	0.08	0.11
10.57	0.08	0.11
10.58	0.08	0.11
10.59	0.07	0.1
10.6	0.07	0.1
10.61	0.07	0.1
10.62	0.07	0.1
10.63	0.06	0.09
10.64	0.06	0.09
10.65	0.06	0.09
10.66	0.05	0.09
10.67	0.05	0.08
10.68	0.05	0.08
10.69	0.04	0.08
10.7	0.04	0.07
10.71	0.04	0.07
10.72	0.03	0.07
10.73	0.03	0.06
10.74	0.03	0.06
10.75	0.02	0.05
10.76	0.02	0.05
10.77	0.02	0.05
10.78	0.01	0.04
10.79	0.01	0.04
10.8	0	0.04
10.81	0	0.03
10.82	0	0.03
10.83	-0.01	0.03
10.84	-0.01	0.02
10.85	-0.02	0.02
10.86	-0.02	0.01
10.87	-0.02	0.01
10.88	-0.03	0.01
10.89	-0.03	0
10.9	-0.03	0
10.91	-0.04	-0.01
10.92	-0.04	-0.01
10.93	-0.05	-0.01
10.94	-0.05	-0.02
10.95	-0.05	-0.02
10.96	-0.06	-0.02
10.97	-0.06	-0.03
10.98	-0.06	-0.03
10.99	-0.07	-0.04
11	-0.07	-0.04
11.01	-0.07	-0.04
11.02	-0.08	-0.05
11.03	-0.08	-0.05
11.04	-0.09	-0.05
11.05	-0.09	-0.06
11.06	-0.09	-0.06
11.07	-0.09	-0.06
11.08	-0.1	-0.06
11.09	-0.1	-0.07
11.1	-0.1	-0.07
11.11	-0.1	-0.07
11.12	-0.1	-0.07
11.13	-0.11	-0.08
11.14	-0.11	-0.08
11.15	-0.11	-0.08
11.16	-0.11	-0.08
11.17	-0.12	-0.08
11.18	-0.12	-0.09
11.19	-0.12	-0.09
11.2	-0.12	-0.09
11.21	-0.12	-0.09
11.22	-0.12	-0.09
11.23	-0.12	-0.09
11.24	-0.13	-0.1
11.25	-0.13	-0.1
11.26	-0.13	-0.1
11.27	-0.13	-0.1
11.28	-0.13	-0.1
11.29	-0.13	-0.1
11.3	-0.13	-0.1
11.31	-0.13	-0.1
11.32	-0.13	-0.1
11.33	-0.13	-0.1
11.34	-0.13	-0.1
11.35	-0.13	-0.11
11.36	-0.14	-0.11
11.37	-0.14	-0.11
11.38	-0.14	-0.11
11.39	-0.14	-0.11
11.4	-0.14	-0.11
11.41	-0.13	-0.11
11.42	-0.13	-0.11
11.43	-0.13	-0.11
11.44	-0.13	-0.11
11.45	-0.13	-0.11
11.46	-0.13	-0.11
11.47	-0.13	-0.11
11.48	-0.13	-0.11
11.49	-0.13	-0.11
11.5	-0.13	-0.11
11.51	-0.13	-0.11
11.52	-0.12	-0.1
11.53	-0.12	-0.1
11.54	-0.12	-0.1
11.55	-0.12	-0.1
11.56	-0.12	-0.1
11.57	-0.12	-0.09
11.58	-0.12	-0.09
11.59	-0.11	-0.09
11.6	-0.11	-0.09
11.61	-0.11	-0.09
11.62	-0.11	-0.08
11.63	-0.11	-0.08
11.64	-0.1	-0.08
11.65	-0.1	-0.07
11.66	-0.1	-0.07
11.67	-0.1	-0.06
11.68	-0.09	-0.06
11.69	-0.09	-0.06
11.7	-0.09	-0.05
11.71	-0.08	-0.05
11.72	-0.08	-0.05
11.73	-0.08	-0.04
11.74	-0.07	-0.04
11.75	-0.07	-0.03
11.76	-0.07	-0.03
11.77	-0.06	-0.03
11.78	-0.06	-0.02
11.79	-0.05	-0.02
11.8	-0.05	-0.01
11.81	-0.05	-0.01
11.82	-0.04	-0.01
11.83	-0.04	0
11.84	-0.04	0
11.85	-0.03	0.01
11.86	-0.03	0.01
11.87	-0.02	0.01
11.88	-0.02	0.02
11.89	-0.01	0.02
11.9	-0.01	0.03
11.91	0	0.03
11.92	0	0.04
11.93	0	0.04
11.94	0.01	0.05
11.95	0.01	0.05
11.96	0.02	0.05
11.97	0.02	0.06
11.98	0.03	0.06
11.99	0.03	0.06
12	0.03	0.07
12.01	0.04	0.07
12.02	0.04	0.07
12.03	0.04	0.08
12.04	0.05	0.08
12.05	0.05	0.09
12.06	0.05	0.09
12.07	0.06	0.09
12.08	0.06	0.09
12.09	0.07	0.1
12.1	0.07	0.1
12.11	0.07	0.1
12.12	0.08	0.11
12.13	0.08	0.11
12.14	0.08	0.11
12.15	0.08	0.11
12.16	0.08	0.12
12.17	0.09	0.12
12.18	0.09	0.12
12.19	0.09	0.12
12.2	0.09	0.12
12.21	0.09	0.12
12.22	0.1	0.12
12.23	0.1	0.13
12.24	0.1	0.13
12.25	0.1	0.13
12.26	0.1	0.13
12.27	0.1	0.13
12.28	0.1	0.13
12.29	0.1	0.13
12.3	0.1	0.13
12.31	0.1	0.13
12.32	0.1	0.13
12.33	0.1	0.13
12.34	0.1	0.13
12.35	0.1	0.13
12.36	0.1	0.13
12.37	0.1	0.13
12.38	0.1	0.13
12.39	0.1	0.13
12.4	0.1	0.13
12.41	0.1	0.13
12.42	0.1	0.13
12.43	0.1	0.13
12.44	0.1	0.13
12.45	0.09	0.12
12.46	0.09	0.12
12.47	0.09	0.12
12.48	0.09	0.12
12.49	0.09	0.12
12.5	0.09	0.11
12.51	0.09	0.11
12.52	0.08	0.11
12.53	0.08	0.11
12.54	0.08	0.1
12.55	0.08	0.1
12.56	0.08	0.1
12.57	0.08	0.1
12.58	0.07	0.09
12.59	0.07	0.09
12.6	0.07	0.09
12.61	0.06	0.08
12.62	0.06	0.08
12.63	0.06	0.08
12.64	0.06	0.07
12.65	0.05	0.07
12.66	0.05	0.07
12.67	0.04	0.06
12.68	0.04	0.06
12.69	0.04	0.06
12.7	0.03	0.05
12.71	0.03	0.05
12.72	0.02	0.05
12.73	0.02	0.05
12.74	0.02	0.04
12.75	0.01	0.04
12.76	0.01	0.04
12.77	0.01	0.03
12.78	0	0.03
12.79	0	0.03
12.8	-0.01	0.02
12.81	-0.01	0.02
12.82	-0.01	0.02
12.83	-0.02	0.01
12.84	-0.02	0.01
12.85	-0.03	0.01
12.86	-0.03	0
12.87	-0.04	0
12.88	-0.04	0
12.89	-0.04	-0.01
12.9	-0.05	-0.01
12.91	-0.05	-0.02
12.92	-0.05	-0.02
12.93	-0.06	-0.03
12.94	-0.06	-0.03
12.95	-0.06	-0.03
12.96	-0.07	-0.04
12.97	-0.07	-0.04
12.98	-0.07	-0.05
12.99	-0.08	-0.05
13	-0.08	-0.05
13.01	-0.08	-0.06
13.02	-0.08	-0.06
13.03	-0.08	-0.06
13.04	-0.09	-0.06
13.05	-0.09	-0.07
13.06	-0.09	-0.07
13.07	-0.1	-0.07
13.08	-0.1	-0.08
13.09	-0.1	-0.08
13.1	-0.1	-0.08
13.11	-0.1	-0.09
13.12	-0.11	-0.09
13.13	-0.11	-0.09
13.14	-0.11	-0.09
13.15	-0.11	-0.1
13.16	-0.11	-0.1
13.17	-0.12	-0.1
13.18	-0.12	-0.1
13.19	-0.12	-0.1
13.2	-0.12	-0.1
13.21	-0.12	-0.1
13.22	-0.12	-0.1
13.23	-0.12	-0.1
13.24	-0.13	-0.11
13.25	-0.13	-0.11
13.26	-0.13	-0.11
13.27	-0.13	-0.11
13.28	-0.13	-0.11
13.29	-0.13	-0.11
13.3	-0.13	-0.11
13.31	-0.13	-0.11
13.32	-0.13	-0.11
13.33	-0.13	-0.11
13.34	-0.13	-0.11
13.35	-0.13	-0.11
13.36	-0.13	-0.11
13.37	-0.13	-0.11
13.38	-0.13	-0.11
13.39	-0.13	-0.11
13.4	-0.13	-0.11
13.41	-0.13	-0.11
13.42	-0.13	-0.11
13.43	-0.13	-0.1
13.44	-0.12	-0.1
13.45	-0.12	-0.1
13.46	-0.12	-0.1
13.47	-0.12	-0.1
13.48	-0.12	-0.1
13.49	-0.12	-0.1
13.5	-0.12	-0.1
13.51	-0.12	-0.09
13.52	-0.12	-0.09
13.53	-0.12	-0.09
13.54	-0.11	-0.09
13.55	-0.11	-0.08
13.56	-0.11	-0.08
13.57	-0.11	-0.08
13.58	-0.11	-0.08
13.59	-0.11	-0.07
13.6	-0.1	-0.07
13.61	-0.1	-0.07
13.62	-0.1	-0.06
13.63	-0.1	-0.06
13.64	-0.09	-0.06
13.65	-0.09	-0.05
13.66	-0.09	-0.05
13.67	-0.09	-0.05
13.68	-0.08	-0.05
13.69	-0.08	-0.04
13.7	-0.08	-0.04
13.71	-0.07	-0.04
13.72	-0.07	-0.03
13.73	-0.07	-0.03
13.74	-0.06	-0.03
13.75	-0.06	-0.02
13.76	-0.06	-0.02
13.77	-0.05	-0.01
13.78	-0.05	-0.01
13.79	-0.05	-0.01
13.8	-0.04	0
13.81	-0.04	0
13.82	-0.03	0
13.83	-0.03	0.01
13.84	-0.03	0.01
13.85	-0.02	0.02
13.86	-0.02	0.02
13.87	-0.02	0.02
13.88	-0.01	0.03
13.89	-0.01	0.03
13.9	0	0.03
13.91	0	0.04
13.92	0	0.04
13.93	0.01	0.05
13.94	0.01	0.05
13.95	0.01	0.05
13.96	0.02	0.06
13.97	0.02	0.06
13.98	0.02	0.06
13.99	0.03	0.07
14	0.03	0.07
14.01	0.04	0.07
14.02	0.04	0.08
14.03	0.04	0.08
14.04	0.05	0.08
14.05	0.05	0.09
14.06	0.05	0.09
14.07	0.05	0.09
14.08	0.06	0.09
14.09	0.06	0.09
14.1	0.06	0.1
14.11	0.06	0.1
14.12	0.07	0.1
14.13	0.07	0.11
14.14	0.07	0.11
14.15	0.07	0.11
14.16	0.08	0.11
14.17	0.08	0.12
14.18	0.08	0.12
14.19	0.08	0.12
14.2	0.09	0.12
14.21	0.09	0.12
14.22	0.09	0.12
14.23	0.09	0.12
14.24	0.09	0.12
14.25	0.1	0.12
14.26	0.1	0.12
14.27	0.1	0.12
14.28	0.1	0.12
14.29	0.1	0.12
14.3	0.1	0.12
14.31	0.1	0.12
14.32	0.1	0.12
14.33	0.1	0.12
14.34	0.1	0.12
14.35	0.1	0.12
14.36	0.1	0.12
14.37	0.1	0.12
14.38	0.1	0.12
14.39	0.1	0.12
14.4	0.1	0.12
14.41	0.1	0.11
14.42	0.1	0.11
14.43	0.1	0.11
14.44	0.1	0.11
14.45	0.09	0.1
14.46	0.09	0.1
14.47	0.09	0.1
14.48	0.09	0.1
14.49	0.09	0.09
14.5	0.08	0.09
14.51	0.08	0.09
14.52	0.08	0.09
14.53	0.08	0.08
14.54	0.07	0.08
14.55	0.07	0.08
14.56	0.07	0.07
14.57	0.06	0.07
14.58	0.06	0.07
14.59	0.06	0.07
14.6	0.06	0.06
14.61	0.05	0.06
14.62	0.05	0.05
14.63	0.05	0.05
14.64	0.04	0.05
14.65	0.04	0.04
14.66	0.03	0.04
14.67	0.03	0.03
14.68	0.03	0.03
14.69	0.02	0.03
14.7	0.02	0.02
14.71	0.02	0.02
14.72	0.01	0.01
14.73	0.01	0.01
14.74	0.01	0.01
14.75	0	0
14.76	0	0
14.77	-0.01	0
14.78	-0.01	-0.01
14.79	-0.02	-0.01
14.8	-0.02	-0.01
14.81	-0.03	-0.02
14.82	-0.03	-0.02
14.83	-0.03	-0.03
14.84	-0.04	-0.03
14.85	-0.04	-0.03
14.86	-0.05	-0.04
14.87	-0.05	-0.04
14.88	-0.05	-0.05
14.89	-0.06	-0.05
14.9	-0.06	-0.05
14.91	-0.07	-0.06
14.92	-0.07	-0.06
14.93	-0.08	-0.06
14.94	-0.08	-0.07
14.95	-0.09	-0.07
14.96	-0.09	-0.07
14.97	-0.09	-0.08
14.98	-0.09	-0.08
14.99	-0.1	-0.08
15	-0.1	-0.09
15.01	-0.11	-0.09
15.02	-0.11	-0.09
15.03	-0.11	-0.09
15.04	-0.11	-0.1
15.05	-0.12	-0.1
15.06	-0.12	-0.1
15.07	-0.12	-0.11
15.08	-0.12	-0.11
15.09	-0.12	-0.11
15.1	-0.13	-0.11
15.11	-0.13	-0.11
15.12	-0.13	-0.11
15.13	-0.13	-0.12
15.14	-0.13	-0.12
15.15	-0.13	-0.12
15.16	-0.13	-0.12
15.17	-0.14	-0.12
15.18	-0.14	-0.12
15.19	-0.14	-0.12
15.2	-0.14	-0.12
15.21	-0.14	-0.12
15.22	-0.14	-0.12
15.23	-0.14	-0.12
15.24	-0.14	-0.12
15.25	-0.14	-0.12
15.26	-0.14	-0.12
15.27	-0.14	-0.12
15.28	-0.14	-0.11
15.29	-0.14	-0.11
15.3	-0.14	-0.11
15.31	-0.14	-0.11
15.32	-0.14	-0.11
15.33	-0.14	-0.11
15.34	-0.14	-0.11
15.35	-0.14	-0.11
15.36	-0.14	-0.11
15.37	-0.14	-0.1
15.38	-0.14	-0.1
15.39	-0.14	-0.1
15.4	-0.13	-0.1
15.41	-0.13	-0.1
15.42	-0.13	-0.1
15.43	-0.13	-0.09
15.44	-0.13	-0.09
15.45	-0.13	-0.09
15.46	-0.13	-0.09
15.47	-0.13	-0.08
15.48	-0.13	-0.08
15.49	-0.12	-0.08
15.5	-0.12	-0.08
15.51	-0.12	-0.07
15.52	-0.12	-0.07
15.53	-0.12	-0.07
15.54	-0.11	-0.07
15.55	-0.11	-0.06
15.56	-0.11	-0.06
15.57	-0.11	-0.06
15.58	-0.1	-0.05
15.59	-0.1	-0.05
15.6	-0.1	-0.04
15.61	-0.09	-0.04
15.62	-0.09	-0.04
15.63	-0.09	-0.03
15.64	-0.08	-0.03
15.65	-0.08	-0.03
15.66	-0.07	-0.02
15.67	-0.07	-0.02
15.68	-0.07	-0.01
15.69	-0.06	-0.01
15.7	-0.06	-0.01
15.71	-0.06	0
15.72	-0.05	0
15.73	-0.05	0
15.74	-0.05	0.01
15.75	-0.04	0.01
15.76	-0.04	0.01
15.77	-0.03	0.02
15.78	-0.03	0.02
15.79	-0.02	0.02
15.8	-0.02	0.03
15.81	-0.02	0.03
15.82	-0.01	0.03
15.83	0	0.04
15.84	0	0.04
15.85	0.01	0.05
15.86	0.01	0.05
15.87	0.02	0.05
15.88	0.02	0.05
15.89	0.03	0.06
15.9	0.03	0.06
15.91	0.03	0.06
15.92	0.04	0.06
15.93	0.04	0.07
15.94	0.04	0.07
15.95	0.05	0.07
15.96	0.05	0.07
15.97	0.05	0.08
15.98	0.06	0.08
15.99	0.06	0.08
16	0.06	0.08
16.01	0.07	0.09
16.02	0.07	0.09
16.03	0.07	0.09
16.04	0.08	0.09
16.05	0.08	0.1
16.06	0.08	0.1
16.07	0.09	0.1
16.08	0.09	0.1
16.09	0.09	0.11
16.1	0.09	0.11
16.11	0.1	0.11
16.12	0.1	0.11
16.13	0.1	0.11
16.14	0.1	0.12
16.15	0.1	0.12
16.16	0.1	0.12
16.17	0.11	0.12
16.18	0.11	0.12
16.19	0.11	0.12
16.2	0.11	0.12
16.21	0.11	0.12
16.22	0.11	0.13
16.23	0.11	0.13
16.24	0.11	0.13
16.25	0.11	0.13
16.26	0.11	0.13
16.27	0.11	0.13
16.28	0.11	0.13
16.29	0.11	0.13
16.3	0.11	0.13
16.31	0.11	0.13
16.32	0.11	0.13
16.33	0.11	0.13
16.34	0.11	0.12
16.35	0.11	0.12
16.36	0.11	0.12
16.37	0.11	0.12
16.38	0.11	0.12
16.39	0.1	0.12
16.4	0.1	0.11
16.41	0.1	0.11
16.42	0.1	0.11
16.43	0.1	0.11
16.44	0.09	0.11
16.45	0.09	0.1
16.46	0.09	0.1
16.47	0.09	0.1
16.48	0.08	0.1
16.49	0.08	0.09
16.5	0.08	0.09
16.51	0.07	0.08
16.52	0.07	0.08
16.53	0.07	0.08
16.54	0.06	0.08
16.55	0.06	0.07
16.56	0.06	0.07
16.57	0.05	0.07
16.58	0.05	0.06
16.59	0.05	0.06
16.6	0.04	0.06
16.61	0.04	0.05
16.62	0.04	0.05
16.63	0.03	0.05
16.64	0.03	0.04
16.65	0.02	0.04
16.66	0.02	0.03
16.67	0.02	0.03
16.68	0.01	0.03
16.69	0.01	0.02
16.7	0	0.02
16.71	0	0.01
16.72	-0.01	0.01
16.73	-0.01	0.01
16.74	-0.01	0
16.75	-0.02	0
16.76	-0.02	-0.01
16.77	-0.02	-0.01
16.78	-0.03	-0.01
16.79	-0.03	-0.02
16.8	-0.04	-0.02
16.81	-0.04	-0.02
16.82	-0.04	-0.03
16.83	-0.05	-0.03
16.84	-0.05	-0.03
16.85	-0.06	-0.04
16.86	-0.06	-0.04
16.87	-0.06	-0.04
16.88	-0.07	-0.05
16.89	-0.07	-0.05
16.9	-0.07	-0.05
16.91	-0.08	-0.06
16.92	-0.08	-0.06
16.93	-0.08	-0.06
16.94	-0.09	-0.06
16.95	-0.09	-0.07
16.96	-0.09	-0.07
16.97	-0.09	-0.07
16.98	-0.1	-0.07
16.99	-0.1	-0.08
17	-0.1	-0.08
17.01	-0.1	-0.08
17.02	-0.11	-0.08
17.03	-0.11	-0.08
17.04	-0.11	-0.09
17.05	-0.12	-0.09
17.06	-0.12	-0.09
17.07	-0.12	-0.09
17.08	-0.12	-0.09
17.09	-0.12	-0.09
17.1	-0.13	-0.09
17.11	-0.13	-0.1
17.12	-0.13	-0.1
17.13	-0.13	-0.1
17.14	-0.13	-0.1
17.15	-0.14	-0.1
17.16	-0.14	-0.1
17.17	-0.14	-0.1
17.18	-0.14	-0.1
17.19	-0.14	-0.1
17.2	-0.14	-0.1
17.21	-0.14	-0.1
17.22	-0.14	-0.1
17.23	-0.14	-0.1
17.24	-0.14	-0.1
17.25	-0.14	-0.1
17.26	-0.14	-0.1
17.27	-0.14	-0.1
17.28	-0.14	-0.1
17.29	-0.14	-0.1
17.3	-0.14	-0.09
17.31	-0.14	-0.09
17.32	-0.14	-0.09
17.33	-0.14	-0.09
17.34	-0.14	-0.09
17.35	-0.13	-0.09
17.36	-0.13	-0.09
17.37	-0.13	-0.08
17.38	-0.13	-0.08
17.39	-0.13	-0.08
17.4	-0.12	-0.08
17.41	-0.12	-0.07
17.42	-0.12	-0.07
17.43	-0.11	-0.07
17.44	-0.11	-0.07
17.45	-0.11	-0.06
17.46	-0.11	-0.06
17.47	-0.11	-0.06
17.48	-0.1	-0.05
17.49	-0.1	-0.05
17.5	-0.1	-0.05
17.51	-0.09	-0.04
17.52	-0.09	-0.04
17.53	-0.09	-0.04
17.54	-0.08	-0.03
17.55	-0.08	-0.03
17.56	-0.08	-0.03
17.57	-0.07	-0.03
17.58	-0.07	-0.02
17.59	-0.07	-0.02
17.6	-0.06	-0.02
17.61	-0.06	-0.01
17.62	-0.06	-0.01
17.63	-0.05	-0.01
17.64	-0.05	0
17.65	-0.05	0
17.66	-0.05	0
17.67	-0.04	0.01
17.68	-0.04	0.01
17.69	-0.04	0.01
17.7	-0.03	0.02
17.71	-0.03	0.02
17.72	-0.03	0.02
17.73	-0.02	0.02
17.74	-0.02	0.03
17.75	-0.02	0.03
17.76	-0.01	0.03
17.77	-0.01	0.04
17.78	0	0.04
17.79	0	0.04
17.8	0	0.05
17.81	0.01	0.05
17.82	0.01	0.05
17.83	0.01	0.06
17.84	0.02	0.06
17.85	0.02	0.06
17.86	0.03	0.06
17.87	0.03	0.07
17.88	0.03	0.07
17.89	0.04	0.07
17.9	0.04	0.08
17.91	0.05	0.08
17.92	0.05	0.08
17.93	0.05	0.08
17.94	0.06	0.09
17.95	0.06	0.09
17.96	0.07	0.09
17.97	0.07	0.09
17.98	0.07	0.1
17.99	0.08	0.1
18	0.08	0.1
18.01	0.08	0.1
18.02	0.09	0.11
18.03	0.09	0.11
18.04	0.09	0.11
18.05	0.1	0.12
18.06	0.1	0.12
18.07	0.1	0.12
18.08	0.11	0.12
18.09	0.11	0.12
18.1	0.11	0.12
18.11	0.11	0.12
18.12	0.11	0.12
18.13	0.12	0.13
18.14	0.12	0.13
18.15	0.12	0.13
18.16	0.12	0.13
18.17	0.12	0.13
18.18	0.12	0.13
18.19	0.12	0.13
18.2	0.12	0.13
18.21	0.12	0.13
18.22	0.12	0.13
18.23	0.12	0.13
18.24	0.12	0.13
18.25	0.12	0.13
18.26	0.12	0.13
18.27	0.12	0.12
18.28	0.12	0.12
18.29	0.12	0.12
18.3	0.12	0.12
18.31	0.12	0.12
18.32	0.11	0.12
18.33	0.11	0.12
18.34	0.11	0.11
18.35	0.11	0.11
18.36	0.11	0.11
18.37	0.1	0.11
18.38	0.1	0.11
18.39	0.1	0.11
18.4	0.1	0.1
18.41	0.09	0.1
18.42	0.09	0.1
18.43	0.09	0.1
18.44	0.08	0.1
18.45	0.08	0.09
18.46	0.08	0.09
18.47	0.07	0.09
18.48	0.07	0.08
18.49	0.06	0.08
18.5	0.06	0.08
18.51	0.05	0.07
18.52	0.05	0.07
18.53	0.04	0.07
18.54	0.04	0.06
18.55	0.04	0.06
18.56	0.03	0.06
18.57	0.03	0.05
18.58	0.02	0.05
18.59	0.02	0.05
18.6	0.01	0.05
18.61	0.01	0.04
18.62	0	0.04
18.63	0	0.04
18.64	-0.01	0.03
18.65	-0.01	0.03
18.66	-0.02	0.03
18.67	-0.02	0.02
18.68	-0.03	0.02
18.69	-0.03	0.01
18.7	-0.04	0.01
18.71	-0.04	0.01
18.72	-0.04	0
18.73	-0.05	0
18.74	-0.05	-0.01
18.75	-0.06	-0.01
18.76	-0.06	-0.01
18.77	-0.06	-0.02
18.78	-0.07	-0.02
18.79	-0.07	-0.02
18.8	-0.07	-0.02
18.81	-0.08	-0.03
18.82	-0.08	-0.03
18.83	-0.08	-0.03
18.84	-0.09	-0.04
18.85	-0.09	-0.04
18.86	-0.09	-0.04
18.87	-0.1	-0.04
18.88	-0.1	-0.05
18.89	-0.1	-0.05
18.9	-0.11	-0.05
18.91	-0.11	-0.06
18.92	-0.11	-0.06
18.93	-0.11	-0.06
18.94	-0.11	-0.06
18.95	-0.12	-0.06
18.96	-0.12	-0.07
18.97	-0.12	-0.07
18.98	-0.12	-0.07
18.99	-0.12	-0.07
19	-0.13	-0.08
19.01	-0.13	-0.08
19.02	-0.13	-0.08
19.03	-0.13	-0.08
19.04	-0.13	-0.08
19.05	-0.14	-0.08
19.06	-0.14	-0.08
19.07	-0.14	-0.08
19.08	-0.14	-0.08
19.09	-0.14	-0.08
19.1	-0.14	-0.09
19.11	-0.14	-0.09
19.12	-0.15	-0.09
19.13	-0.15	-0.09
19.14	-0.15	-0.09
19.15	-0.15	-0.09
19.16	-0.15	-0.09
19.17	-0.15	-0.09
19.18	-0.15	-0.09
19.19	-0.15	-0.09
19.2	-0.15	-0.09
19.21	-0.15	-0.09
19.22	-0.15	-0.09
19.23	-0.15	-0.09
19.24	-0.15	-0.09
19.25	-0.15	-0.09
19.26	-0.15	-0.09
19.27	-0.15	-0.08
19.28	-0.15	-0.08
19.29	-0.15	-0.08
19.3	-0.15	-0.08
19.31	-0.14	-0.08
19.32	-0.14	-0.08
19.33	-0.14	-0.08
19.34	-0.14	-0.08
19.35	-0.14	-0.08
19.36	-0.13	-0.07
19.37	-0.13	-0.07
19.38	-0.13	-0.07
19.39	-0.13	-0.07
19.4	-0.12	-0.07
19.41	-0.12	-0.07
19.42	-0.12	-0.06
19.43	-0.11	-0.06
19.44	-0.11	-0.06
19.45	-0.11	-0.06
19.46	-0.1	-0.05
19.47	-0.1	-0.05
19.48	-0.1	-0.05
19.49	-0.1	-0.04
19.5	-0.09	-0.04
19.51	-0.09	-0.04
19.52	-0.08	-0.03
19.53	-0.08	-0.03
19.54	-0.08	-0.03
19.55	-0.07	-0.03
19.56	-0.07	-0.02
19.57	-0.06	-0.02
19.58	-0.06	-0.02
19.59	-0.06	-0.02
19.6	-0.05	-0.01
19.61	-0.05	-0.01
19.62	-0.04	-0.01
19.63	-0.04	0
19.64	-0.04	0
19.65	-0.03	0
19.66	-0.03	0.01
19.67	-0.02	0.01
19.68	-0.02	0.02
19.69	-0.01	0.02
19.7	-0.01	0.02
19.71	-0.01	0.03
19.72	0	0.03
19.73	0	0.04
19.74	0.01	0.04
19.75	0.01	0.04
19.76	0.02	0.04
19.77	0.02	0.05
19.78	0.02	0.05
19.79	0.03	0.05
19.8	0.03	0.06
19.81	0.04	0.06
19.82	0.04	0.06
19.83	0.04	0.07
19.84	0.05	0.07
19.85	0.05	0.07
19.86	0.06	0.08
19.87	0.06	0.08
19.88	0.06	0.08
19.89	0.06	0.08
19.9	0.07	0.09
19.91	0.07	0.09
19.92	0.07	0.09
19.93	0.08	0.09
19.94	0.08	0.1
19.95	0.08	0.1
19.96	0.09	0.1
19.97	0.09	0.1
19.98	0.09	0.1
19.99	0.09	0.11
20	0.1	0.11
20.01	0.1	0.11
20.02	0.1	0.11
20.03	0.1	0.11
20.04	0.1	0.11
20.05	0.11	0.12
20.06	0.11	0.12
20.07	0.11	0.12
20.08	0.11	0.12
20.09	0.11	0.12
20.1	0.11	0.12
20.11	0.11	0.12
20.12	0.11	0.12
20.13	0.12	0.13
20.14	0.12	0.13
20.15	0.12	0.13
20.16	0.12	0.13
20.17	0.12	0.13
20.18	0.12	0.13
20.19	0.12	0.13
20.2	0.12	0.13
20.21	0.12	0.13
20.22	0.12	0.13
20.23	0.11	0.13
20.24	0.11	0.13
20.25	0.11	0.13
20.26	0.11	0.13
20.27	0.11	0.13
20.28	0.11	0.12
20.29	0.11	0.12
20.3	0.11	0.12
20.31	0.11	0.12
20.32	0.1	0.12
20.33	0.1	0.11
20.34	0.1	0.11
20.35	0.09	0.11
20.36	0.09	0.11
20.37	0.09	0.1
20.38	0.09	0.1
20.39	0.08	0.1
20.4	0.08	0.1
20.41	0.08	0.09
20.42	0.07	0.09
20.43	0.07	0.09
20.44	0.07	0.09
20.45	0.06	0.08
20.46	0.06	0.08
20.47	0.05	0.08
20.48	0.05	0.07
20.49	0.05	0.07
20.5	0.04	0.06
20.51	0.04	0.06
20.52	0.03	0.06
20.53	0.03	0.05
20.54	0.03	0.05
20.55	0.02	0.05
20.56	0.02	0.04
20.57	0.01	0.04
20.58	0.01	0.04
20.59	0	0.03
20.6	0	0.03
20.61	-0.01	0.03
20.62	-0.01	0.02
20.63	-0.01	0.02
20.64	-0.02	0.02
20.65	-0.02	0.01
20.66	-0.03	0.01
20.67	-0.03	0.01
20.68	-0.04	0
20.69	-0.04	0
20.7	-0.05	0
20.71	-0.05	-0.01
20.72	-0.06	-0.01
20.73	-0.06	-0.01
20.74	-0.06	-0.02
20.75	-0.07	-0.02
20.76	-0.07	-0.02
20.77	-0.08	-0.03
20.78	-0.08	-0.03
20.79	-0.08	-0.03
20.8	-0.09	-0.04
20.81	-0.09	-0.04
20.82	-0.09	-0.04
20.83	-0.1	-0.05
20.84	-0.1	-0.05
20.85	-0.1	-0.05
20.86	-0.11	-0.05
20.87	-0.11	-0.06
20.88	-0.11	-0.06
20.89	-0.12	-0.06
20.9	-0.12	-0.06
20.91	-0.12	-0.07
20.92	-0.12	-0.07
20.93	-0.13	-0.07
20.94	-0.13	-0.08
20.95	-0.13	-0.08
20.96	-0.13	-0.08
20.97	-0.13	-0.08
20.98	-0.13	-0.09
20.99	-0.14	-0.09
21	-0.14	-0.09
21.01	-0.14	-0.09
21.02	-0.14	-0.09
21.03	-0.14	-0.09
21.04	-0.14	-0.09
21.05	-0.14	-0.1
21.06	-0.15	-0.1
21.07	-0.15	-0.1
21.08	-0.15	-0.1
21.09	-0.15	-0.1
21.1	-0.15	-0.1
21.11	-0.15	-0.1
21.12	-0.15	-0.1
21.13	-0.15	-0.1
21.14	-0.15	-0.1
21.15	-0.15	-0.1
21.16	-0.15	-0.1
21.17	-0.14	-0.1
21.18	-0.14	-0.1
21.19	-0.14	-0.1
21.2	-0.14	-0.1
21.21	-0.14	-0.1
21.22	-0.14	-0.1
21.23	-0.14	-0.1
21.24	-0.14	-0.09
21.25	-0.14	-0.09
21.26	-0.14	-0.09
21.27	-0.14	-0.09
21.28	-0.13	-0.09
21.29	-0.13	-0.09
21.3	-0.13	-0.09
21.31	-0.13	-0.08
21.32	-0.12	-0.08
21.33	-0.12	-0.08
21.34	-0.12	-0.08
21.35	-0.11	-0.08
21.36	-0.11	-0.07
21.37	-0.11	-0.07
21.38	-0.11	-0.07
21.39	-0.1	-0.07
21.4	-0.1	-0.07
21.41	-0.1	-0.06
21.42	-0.09	-0.06
21.43	-0.09	-0.06
21.44	-0.09	-0.06
21.45	-0.08	-0.05
21.46	-0.08	-0.05
21.47	-0.07	-0.05
21.48	-0.07	-0.04
21.49	-0.07	-0.04
21.5	-0.06	-0.04
21.51	-0.06	-0.04
21.52	-0.06	-0.03
21.53	-0.05	-0.03
21.54	-0.05	-0.03
21.55	-0.04	-0.02
21.56	-0.04	-0.02
21.57	-0.03	-0.02
21.58	-0.03	-0.01
21.59	-0.02	-0.01
21.6	-0.02	-0.01
21.61	-0.01	0
21.62	-0.01	0
21.63	-0.01	0
21.64	0	0.01
21.65	0	0.01
21.66	0.01	0.01
21.67	0.01	0.01
21.68	0.02	0.02
21.69	0.02	0.02
21.7	0.02	0.02
21.71	0.03	0.03
21.72	0.03	0.03
21.73	0.04	0.03
21.74	0.04	0.04
21.75	0.04	0.04
21.76	0.05	0.04
21.77	0.05	0.04
21.78	0.05	0.05
21.79	0.06	0.05
21.8	0.06	0.06
21.81	0.07	0.06
21.82	0.07	0.06
21.83	0.07	0.07
21.84	0.08	0.07
21.85	0.08	0.07
21.86	0.08	0.07
21.87	0.09	0.08
21.88	0.09	0.08
21.89	0.09	0.08
21.9	0.09	0.08
21.91	0.09	0.09
21.92	0.1	0.09
21.93	0.1	0.09
21.94	0.1	0.09
21.95	0.1	0.1
21.96	0.11	0.1
21.97	0.11	0.1
21.98	0.11	0.11
21.99	0.11	0.11
22	0.11	0.11
22.01	0.11	0.11
22.02	0.12	0.11
22.03	0.12	0.12
22.04	0.12	0.12
22.05	0.12	0.12
22.06	0.12	0.12
22.07	0.12	0.12
22.08	0.12	0.12
22.09	0.12	0.12
22.1	0.12	0.12
22.11	0.12	0.12
22.12	0.12	0.12
22.13	0.12	0.12
22.14	0.12	0.12
22.15	0.12	0.12
22.16	0.12	0.12
22.17	0.11	0.12
22.18	0.11	0.12
22.19	0.11	0.12
22.2	0.11	0.12
22.21	0.11	0.12
22.22	0.11	0.12
22.23	0.1	0.12
22.24	0.1	0.12
22.25	0.1	0.11
22.26	0.1	0.11
22.27	0.09	0.11
22.28	0.09	0.11
22.29	0.09	0.11
22.3	0.08	0.11
22.31	0.08	0.1
22.32	0.08	0.1
22.33	0.08	0.1
22.34	0.07	0.1
22.35	0.07	0.09
22.36	0.07	0.09
22.37	0.06	0.09
22.38	0.06	0.08
22.39	0.05	0.08
22.4	0.05	0.08
22.41	0.05	0.07
22.42	0.04	0.07
22.43	0.04	0.07
22.44	0.03	0.07
22.45	0.03	0.06
22.46	0.03	0.06
22.47	0.02	0.05
22.48	0.02	0.05
22.49	0.02	0.05
22.5	0.01	0.04
22.51	0.01	0.04
22.52	0	0.04
22.53	0	0.03
22.54	0	0.03
22.55	-0.01	0.03
22.56	-0.01	0.02
22.57	-0.01	0.02
22.58	-0.02	0.02
22.59	-0.02	0.01
22.6	-0.03	0.01
22.61	-0.03	0.01
22.62	-0.03	0.01
22.63	-0.04	0
22.64	-0.04	0
22.65	-0.04	0
22.66	-0.05	-0.01
22.67	-0.05	-0.01
22.68	-0.05	-0.01
22.69	-0.06	-0.02
22.7	-0.06	-0.02
22.71	-0.06	-0.02
22.72	-0.07	-0.03
22.73	-0.07	-0.03
22.74	-0.07	-0.03
22.75	-0.07	-0.04
22.76	-0.08	-0.04
22.77	-0.08	-0.04
22.78	-0.09	-0.05
22.79	-0.09	-0.05
22.8	-0.09	-0.05
22.81	-0.09	-0.05
22.82	-0.09	-0.06
22.83	-0.1	-0.06
22.84	-0.1	-0.06
22.85	-0.1	-0.06
22.86	-0.1	-0.07
22.87	-0.11	-0.07
22.88	-0.11	-0.07
22.89	-0.11	-0.08
22.9	-0.11	-0.08
22.91	-0.11	-0.08
22.92	-0.12	-0.08
22.93	-0.12	-0.09
22.94	-0.12	-0.09
22.95	-0.12	-0.09
22.96	-0.12	-0.09
22.97	-0.12	-0.09
22.98	-0.13	-0.09
22.99	-0.13	-0.09
23	-0.13	-0.09
23.01	-0.13	-0.09
23.02	-0.13	-0.09
23.03	-0.13	-0.1
23.04	-0.13	-0.1
23.05	-0.13	-0.1
23.06	-0.13	-0.1
23.07	-0.13	-0.1
23.08	-0.13	-0.1
23.09	-0.13	-0.1
23.1	-0.13	-0.1
23.11	-0.13	-0.1
23.12	-0.13	-0.1
23.13	-0.13	-0.1
23.14	-0.13	-0.1
23.15	-0.13	-0.1
23.16	-0.13	-0.1
23.17	-0.13	-0.1
23.18	-0.13	-0.1
23.19	-0.13	-0.1
23.2	-0.13	-0.1
23.21	-0.12	-0.09
23.22	-0.12	-0.09
23.23	-0.12	-0.09
23.24	-0.12	-0.09
23.25	-0.12	-0.09
23.26	-0.12	-0.09
23.27	-0.11	-0.08
23.28	-0.11	-0.08
23.29	-0.11	-0.08
23.3	-0.11	-0.08
23.31	-0.11	-0.08
23.32	-0.1	-0.07
23.33	-0.1	-0.07
23.34	-0.1	-0.07
23.35	-0.1	-0.07
23.36	-0.09	-0.06
23.37	-0.09	-0.06
23.38	-0.09	-0.06
23.39	-0.08	-0.05
23.4	-0.08	-0.05
23.41	-0.08	-0.05
23.42	-0.07	-0.05
23.43	-0.07	-0.04
23.44	-0.07	-0.04
23.45	-0.06	-0.04
23.46	-0.06	-0.03
23.47	-0.06	-0.03
23.48	-0.05	-0.03
23.49	-0.05	-0.02
23.5	-0.05	-0.02
23.51	-0.04	-0.02
23.52	-0.04	-0.01
23.53	-0.04	-0.01
23.54	-0.03	-0.01
23.55	-0.03	-0.01
23.56	-0.02	0
23.57	-0.02	0
23.58	-0.02	0
23.59	-0.01	0.01
23.6	-0.01	0.01
23.61	-0.01	0.01
23.62	0	0.02
23.63	0	0.02
23.64	0.01	0.02
23.65	0.01	0.03
23.66	0.01	0.03
23.67	0.02	0.03
23.68	0.02	0.03
23.69	0.02	0.04
23.7	0.03	0.04
23.71	0.03	0.05
23.72	0.04	0.05
23.73	0.04	0.05
23.74	0.04	0.06
23.75	0.05	0.06
23.76	0.05	0.06
23.77	0.06	0.06
23.78	0.06	0.07
23.79	0.06	0.07
23.8	0.07	0.07
23.81	0.07	0.08
23.82	0.07	0.08
23.83	0.08	0.09
23.84	0.08	0.09
23.85	0.08	0.09
23.86	0.09	0.1
23.87	0.09	0.1
23.88	0.09	0.1
23.89	0.1	0.1
23.9	0.1	0.11
23.91	0.1	0.11
23.92	0.1	0.11
23.93	0.1	0.11
23.94	0.11	0.12
23.95	0.11	0.12
23.96	0.11	0.12
23.97	0.11	0.12
23.98	0.11	0.12
23.99	0.11	0.12
24	0.12	0.13
24.01	0.12	0.13
24.02	0.12	0.13
24.03	0.12	0.13
24.04	0.12	0.13
24.05	0.12	0.13
24.06	0.12	0.13
24.07	0.12	0.13
24.08	0.12	0.13
24.09	0.12	0.13
24.1	0.12	0.13
24.11	0.12	0.13
24.12	0.11	0.13
24.13	0.11	0.13
24.14	0.11	0.13
24.15	0.11	0.13
24.16	0.11	0.13
24.17	0.1	0.13
24.18	0.1	0.12
24.19	0.1	0.12
24.2	0.1	0.12
24.21	0.09	0.12
24.22	0.09	0.12
24.23	0.09	0.12
24.24	0.08	0.11
24.25	0.08	0.11
24.26	0.08	0.11
24.27	0.08	0.11
24.28	0.07	0.11
24.29	0.07	0.1
24.3	0.07	0.1
24.31	0.06	0.1
24.32	0.06	0.1
24.33	0.06	0.09
24.34	0.05	0.09
24.35	0.05	0.09
24.36	0.04	0.09
24.37	0.04	0.08
24.38	0.04	0.08
24.39	0.03	0.08
24.4	0.03	0.07
24.41	0.02	0.07
24.42	0.02	0.07
24.43	0.02	0.06
24.44	0.01	0.06
24.45	0.01	0.06
24.46	0.01	0.05
24.47	0	0.05
24.48	0	0.05
24.49	-0.01	0.04
24.5	-0.01	0.04
24.51	-0.01	0.03
24.52	-0.02	0.03
24.53	-0.02	0.03
24.54	-0.02	0.02
24.55	-0.03	0.02
24.56	-0.03	0.01
24.57	-0.04	0.01
24.58	-0.04	0.01
24.59	-0.04	0.01
24.6	-0.05	0
24.61	-0.05	0
24.62	-0.05	-0.01
24.63	-0.06	-0.01
24.64	-0.06	-0.01
24.65	-0.06	-0.02
24.66	-0.06	-0.02
24.67	-0.07	-0.02
24.68	-0.07	-0.03
24.69	-0.07	-0.03
24.7	-0.08	-0.03
24.71	-0.08	-0.04
24.72	-0.08	-0.04
24.73	-0.08	-0.04
24.74	-0.09	-0.05
24.75	-0.09	-0.05
24.76	-0.09	-0.05
24.77	-0.09	-0.05
24.78	-0.1	-0.06
24.79	-0.1	-0.06
24.8	-0.1	-0.06
24.81	-0.1	-0.07
24.82	-0.1	-0.07
24.83	-0.11	-0.07
24.84	-0.11	-0.07
24.85	-0.11	-0.07
24.86	-0.11	-0.08
24.87	-0.11	-0.08
24.88	-0.11	-0.08
24.89	-0.12	-0.08
24.9	-0.12	-0.09
24.91	-0.12	-0.09
24.92	-0.12	-0.09
24.93	-0.12	-0.09
24.94	-0.12	-0.09
24.95	-0.12	-0.09
24.96	-0.12	-0.09
24.97	-0.12	-0.09
24.98	-0.12	-0.09
24.99	-0.12	-0.09
