0.000 0.07 0.06
0.010 0.08 0.06
0.020 0.08 0.07
0.030 0.07 0.07
0.040 0.07 0.06
0.050 0.06 0.06
0.060 0.06 0.06
0.070 0.05 0.06
0.080 0.05 0.06
0.090 0.05 0.06
0.100 0.04 0.06
0.110 0.04 0.06
0.120 0.04 0.06
0.130 0.03 0.06
0.140 0.03 0.06
0.150 0.03 0.06
0.160 0.03 0.05
0.170 0.02 0.05
0.180 0.02 0.05
0.190 0.02 0.05
0.200 0.01 0.05
0.210 0.01 0.05
0.220 0.00 0.04
0.230 0.00 0.04
0.240 -0.00 0.04
0.250 -0.00 0.04
0.260 -0.00 0.04
0.270 -0.01 0.03
0.280 -0.01 0.03
0.290 -0.01 0.03
0.300 -0.01 0.03
0.310 -0.02 0.03
0.320 -0.02 0.02
0.330 -0.03 0.02
0.340 -0.03 0.02
0.350 -0.03 0.02
0.360 -0.04 0.01
0.370 -0.04 0.01
0.380 -0.04 0.01
0.390 -0.05 0.01
0.400 -0.05 0.00
0.410 -0.05 0.00
0.420 -0.05 -0.00
0.430 -0.06 -0.01
0.440 -0.06 -0.01
0.450 -0.06 -0.01
0.460 -0.06 -0.01
0.470 -0.07 -0.02
0.480 -0.07 -0.02
0.490 -0.07 -0.02
0.500 -0.07 -0.02
0.510 -0.07 -0.03
0.520 -0.07 -0.03
0.530 -0.07 -0.03
0.540 -0.08 -0.03
0.550 -0.08 -0.03
0.560 -0.08 -0.03
0.570 -0.08 -0.04
0.580 -0.08 -0.04
0.590 -0.09 -0.04
0.600 -0.09 -0.04
0.610 -0.09 -0.04
0.620 -0.09 -0.05
0.630 -0.09 -0.05
0.640 -0.09 -0.05
0.650 -0.09 -0.05
0.660 -0.10 -0.06
0.670 -0.10 -0.06
0.680 -0.10 -0.06
0.690 -0.10 -0.06
0.700 -0.10 -0.06
0.710 -0.10 -0.06
0.720 -0.10 -0.07
0.730 -0.10 -0.07
0.740 -0.10 -0.07
0.750 -0.10 -0.07
0.760 -0.11 -0.07
0.770 -0.11 -0.07
0.780 -0.11 -0.07
0.790 -0.11 -0.07
0.800 -0.11 -0.07
0.810 -0.11 -0.07
0.820 -0.11 -0.07
0.830 -0.11 -0.07
0.840 -0.11 -0.07
0.850 -0.11 -0.07
0.860 -0.11 -0.08
0.870 -0.11 -0.08
0.880 -0.11 -0.08
0.890 -0.11 -0.08
0.900 -0.11 -0.08
0.910 -0.11 -0.08
0.920 -0.11 -0.08
0.930 -0.11 -0.08
0.940 -0.11 -0.08
0.950 -0.11 -0.08
0.960 -0.10 -0.07
0.970 -0.10 -0.07
0.980 -0.10 -0.07
0.990 -0.10 -0.07
1.000 -0.10 -0.07
1.010 -0.10 -0.07
1.020 -0.10 -0.07
1.030 -0.10 -0.07
1.040 -0.10 -0.07
1.050 -0.10 -0.07
1.060 -0.09 -0.07
1.070 -0.09 -0.07
1.080 -0.09 -0.07
1.090 -0.09 -0.06
1.100 -0.09 -0.06
1.110 -0.09 -0.06
1.120 -0.08 -0.06
1.130 -0.08 -0.06
1.140 -0.08 -0.06
1.150 -0.08 -0.05
1.160 -0.07 -0.05
1.170 -0.07 -0.05
1.180 -0.07 -0.05
1.190 -0.07 -0.04
1.200 -0.07 -0.04
1.210 -0.06 -0.04
1.220 -0.06 -0.04
1.230 -0.06 -0.03
1.240 -0.06 -0.03
1.250 -0.05 -0.03
1.260 -0.05 -0.03
1.270 -0.05 -0.02
1.280 -0.05 -0.02
1.290 -0.04 -0.02
1.300 -0.04 -0.02
1.310 -0.04 -0.01
1.320 -0.03 -0.01
1.330 -0.03 -0.01
1.340 -0.03 -0.00
1.350 -0.02 -0.00
1.360 -0.02 0.00
1.370 -0.02 0.00
1.380 -0.01 0.01
1.390 -0.01 0.01
1.400 -0.01 0.01
1.410 -0.00 0.01
1.420 0.00 0.02
1.430 0.00 0.02
1.440 0.01 0.02
1.450 0.01 0.02
1.460 0.01 0.03
1.470 0.01 0.03
1.480 0.02 0.03
1.490 0.02 0.04
1.500 0.02 0.04
1.510 0.03 0.04
1.520 0.03 0.05
1.530 0.03 0.05
1.540 0.03 0.05
1.550 0.04 0.06
1.560 0.04 0.06
1.570 0.04 0.06
1.580 0.04 0.06
1.590 0.05 0.07
1.600 0.05 0.07
1.610 0.05 0.07
1.620 0.05 0.07
1.630 0.06 0.08
1.640 0.06 0.08
1.650 0.06 0.08
1.660 0.06 0.08
1.670 0.06 0.08
1.680 0.06 0.09
1.690 0.07 0.09
1.700 0.07 0.09
1.710 0.07 0.09
1.720 0.07 0.10
1.730 0.07 0.10
1.740 0.07 0.10
1.750 0.08 0.10
1.760 0.08 0.10
1.770 0.08 0.10
1.780 0.08 0.10
1.790 0.08 0.10
1.800 0.08 0.10
1.810 0.08 0.10
1.820 0.08 0.10
1.830 0.08 0.10
1.840 0.09 0.10
1.850 0.09 0.10
1.860 0.08 0.10
1.870 0.08 0.10
1.880 0.08 0.10
1.890 0.08 0.10
1.900 0.08 0.10
1.910 0.08 0.10
1.920 0.08 0.10
1.930 0.08 0.10
1.940 0.08 0.09
1.950 0.08 0.09
1.960 0.08 0.09
1.970 0.08 0.09
1.980 0.07 0.09
1.990 0.07 0.08
2.000 0.07 0.08
2.010 0.07 0.08
2.020 0.06 0.08
2.030 0.06 0.08
2.040 0.06 0.07
2.050 0.06 0.07
2.060 0.05 0.07
2.070 0.05 0.07
2.080 0.05 0.07
2.090 0.04 0.06
2.100 0.04 0.06
2.110 0.04 0.06
2.120 0.04 0.06
2.130 0.03 0.05
2.140 0.03 0.05
2.150 0.03 0.05
2.160 0.02 0.05
2.170 0.02 0.04
2.180 0.01 0.04
2.190 0.01 0.04
2.200 0.01 0.04
2.210 0.01 0.03
2.220 0.00 0.03
2.230 -0.00 0.03
2.240 -0.00 0.03
2.250 -0.01 0.02
2.260 -0.01 0.02
2.270 -0.01 0.02
2.280 -0.01 0.02
2.290 -0.02 0.02
2.300 -0.02 0.01
2.310 -0.03 0.01
2.320 -0.03 0.01
2.330 -0.03 0.01
2.340 -0.03 0.00
2.350 -0.04 0.00
2.360 -0.04 -0.00
2.370 -0.04 -0.00
2.380 -0.05 -0.00
2.390 -0.05 -0.01
2.400 -0.05 -0.01
2.410 -0.06 -0.01
2.420 -0.06 -0.02
2.430 -0.06 -0.02
2.440 -0.06 -0.02
2.450 -0.07 -0.02
2.460 -0.07 -0.03
2.470 -0.07 -0.03
2.480 -0.07 -0.03
2.490 -0.07 -0.03
2.500 -0.08 -0.04
2.510 -0.08 -0.04
2.520 -0.08 -0.04
2.530 -0.09 -0.04
2.540 -0.09 -0.05
2.550 -0.09 -0.05
2.560 -0.09 -0.05
2.570 -0.10 -0.05
2.580 -0.10 -0.05
2.590 -0.10 -0.06
2.600 -0.10 -0.06
2.610 -0.10 -0.06
2.620 -0.10 -0.06
2.630 -0.10 -0.06
2.640 -0.10 -0.06
2.650 -0.10 -0.07
2.660 -0.10 -0.07
2.670 -0.10 -0.07
2.680 -0.10 -0.07
2.690 -0.10 -0.07
2.700 -0.10 -0.07
2.710 -0.10 -0.07
2.720 -0.10 -0.08
2.730 -0.10 -0.08
2.740 -0.10 -0.08
2.750 -0.10 -0.08
2.760 -0.10 -0.08
2.770 -0.10 -0.08
2.780 -0.10 -0.08
2.790 -0.10 -0.08
2.800 -0.10 -0.08
2.810 -0.10 -0.08
2.820 -0.10 -0.08
2.830 -0.10 -0.08
2.840 -0.10 -0.08
2.850 -0.10 -0.08
2.860 -0.10 -0.08
2.870 -0.10 -0.08
2.880 -0.10 -0.08
2.890 -0.10 -0.08
2.900 -0.10 -0.08
2.910 -0.10 -0.07
2.920 -0.10 -0.07
2.930 -0.10 -0.07
2.940 -0.10 -0.07
2.950 -0.10 -0.07
2.960 -0.10 -0.07
2.970 -0.10 -0.07
2.980 -0.09 -0.07
2.990 -0.09 -0.07
3.000 -0.09 -0.07
3.010 -0.09 -0.06
3.020 -0.09 -0.06
3.030 -0.09 -0.06
3.040 -0.08 -0.06
3.050 -0.08 -0.06
3.060 -0.08 -0.05
3.070 -0.08 -0.05
3.080 -0.08 -0.05
3.090 -0.07 -0.05
3.100 -0.07 -0.05
3.110 -0.07 -0.04
3.120 -0.07 -0.04
3.130 -0.07 -0.04
3.140 -0.06 -0.04
3.150 -0.06 -0.04
3.160 -0.06 -0.03
3.170 -0.06 -0.03
3.180 -0.06 -0.03
3.190 -0.05 -0.03
3.200 -0.05 -0.03
3.210 -0.05 -0.02
3.220 -0.04 -0.02
3.230 -0.04 -0.02
3.240 -0.04 -0.02
3.250 -0.03 -0.01
3.260 -0.03 -0.01
3.270 -0.03 -0.01
3.280 -0.02 -0.01
3.290 -0.02 -0.00
3.300 -0.02 -0.00
3.310 -0.02 0.00
3.320 -0.01 0.01
3.330 -0.01 0.01
3.340 -0.01 0.01
3.350 -0.00 0.02
3.360 -0.00 0.02
3.370 0.00 0.02
3.380 0.00 0.02
3.390 0.01 0.03
3.400 0.01 0.03
3.410 0.01 0.03
3.420 0.02 0.03
3.430 0.02 0.04
3.440 0.02 0.04
3.450 0.03 0.04
3.460 0.03 0.04
3.470 0.03 0.05
3.480 0.04 0.05
3.490 0.04 0.05
3.500 0.04 0.06
3.510 0.05 0.06
3.520 0.05 0.06
3.530 0.05 0.06
3.540 0.05 0.07
3.550 0.06 0.07
3.560 0.06 0.07
3.570 0.06 0.07
3.580 0.06 0.08
3.590 0.06 0.08
3.600 0.07 0.08
3.610 0.07 0.08
3.620 0.07 0.08
3.630 0.07 0.08
3.640 0.07 0.08
3.650 0.07 0.09
3.660 0.07 0.09
3.670 0.07 0.09
3.680 0.08 0.09
3.690 0.08 0.09
3.700 0.08 0.09
3.710 0.08 0.09
3.720 0.08 0.09
3.730 0.08 0.09
3.740 0.08 0.10
3.750 0.08 0.10
3.760 0.08 0.10
3.770 0.08 0.10
3.780 0.08 0.10
3.790 0.08 0.10
3.800 0.07 0.10
3.810 0.07 0.10
3.820 0.07 0.10
3.830 0.07 0.10
3.840 0.07 0.10
3.850 0.07 0.10
3.860 0.07 0.10
3.870 0.07 0.10
3.880 0.07 0.10
3.890 0.06 0.09
3.900 0.06 0.09
3.910 0.06 0.09
3.920 0.06 0.09
3.930 0.06 0.09
3.940 0.06 0.09
3.950 0.06 0.09
3.960 0.06 0.09
3.970 0.05 0.09
3.980 0.05 0.09
3.990 0.05 0.09
4.000 0.05 0.08
4.010 0.05 0.08
4.020 0.05 0.08
4.030 0.04 0.08
4.040 0.04 0.08
4.050 0.04 0.07
4.060 0.04 0.07
4.070 0.03 0.07
4.080 0.03 0.07
4.090 0.03 0.07
4.100 0.03 0.06
4.110 0.02 0.06
4.120 0.02 0.06
4.130 0.02 0.06
4.140 0.02 0.05
4.150 0.01 0.05
4.160 0.01 0.05
4.170 0.01 0.05
4.180 0.01 0.04
4.190 0.00 0.04
4.200 -0.00 0.04
4.210 -0.00 0.03
4.220 -0.01 0.03
4.230 -0.01 0.03
4.240 -0.01 0.02
4.250 -0.01 0.02
4.260 -0.02 0.02
4.270 -0.02 0.02
4.280 -0.02 0.01
4.290 -0.03 0.01
4.300 -0.03 0.01
4.310 -0.03 0.00
4.320 -0.04 0.00
4.330 -0.04 -0.00
4.340 -0.04 -0.01
4.350 -0.04 -0.01
4.360 -0.04 -0.01
4.370 -0.05 -0.02
4.380 -0.05 -0.02
4.390 -0.05 -0.02
4.400 -0.05 -0.03
4.410 -0.06 -0.03
4.420 -0.06 -0.03
4.430 -0.06 -0.04
4.440 -0.06 -0.04
4.450 -0.07 -0.04
4.460 -0.07 -0.04
4.470 -0.07 -0.05
4.480 -0.07 -0.05
4.490 -0.07 -0.05
4.500 -0.08 -0.05
4.510 -0.08 -0.06
4.520 -0.08 -0.06
4.530 -0.08 -0.06
4.540 -0.08 -0.06
4.550 -0.08 -0.06
4.560 -0.09 -0.07
4.570 -0.09 -0.07
4.580 -0.09 -0.07
4.590 -0.09 -0.07
4.600 -0.09 -0.08
4.610 -0.09 -0.08
4.620 -0.09 -0.08
4.630 -0.09 -0.08
4.640 -0.09 -0.08
4.650 -0.10 -0.08
4.660 -0.10 -0.08
4.670 -0.10 -0.08
4.680 -0.10 -0.08
4.690 -0.10 -0.08
4.700 -0.10 -0.08
4.710 -0.10 -0.08
4.720 -0.10 -0.08
4.730 -0.10 -0.09
4.740 -0.10 -0.09
4.750 -0.10 -0.09
4.760 -0.10 -0.09
4.770 -0.10 -0.09
4.780 -0.10 -0.09
4.790 -0.10 -0.09
4.800 -0.10 -0.09
4.810 -0.10 -0.09
4.820 -0.10 -0.09
4.830 -0.10 -0.09
4.840 -0.09 -0.09
4.850 -0.09 -0.09
4.860 -0.09 -0.08
4.870 -0.09 -0.08
4.880 -0.09 -0.08
4.890 -0.09 -0.08
4.900 -0.09 -0.08
4.910 -0.09 -0.08
4.920 -0.09 -0.08
4.930 -0.09 -0.08
4.940 -0.08 -0.08
4.950 -0.08 -0.07
4.960 -0.08 -0.07
4.970 -0.08 -0.07
4.980 -0.08 -0.07
4.990 -0.08 -0.07
5.000 -0.07 -0.07
5.010 -0.07 -0.07
5.020 -0.07 -0.07
5.030 -0.07 -0.06
5.040 -0.07 -0.06
5.050 -0.06 -0.06
5.060 -0.06 -0.06
5.070 -0.06 -0.05
5.080 -0.06 -0.05
5.090 -0.06 -0.05
5.100 -0.05 -0.04
5.110 -0.05 -0.04
5.120 -0.05 -0.04
5.130 -0.05 -0.04
5.140 -0.05 -0.03
5.150 -0.04 -0.03
5.160 -0.04 -0.03
5.170 -0.04 -0.02
5.180 -0.03 -0.02
5.190 -0.03 -0.02
5.200 -0.03 -0.01
5.210 -0.03 -0.01
5.220 -0.02 -0.01
5.230 -0.02 -0.01
5.240 -0.02 -0.00
5.250 -0.01 -0.00
5.260 -0.01 0.00
5.270 -0.01 0.01
5.280 -0.01 0.01
5.290 -0.00 0.01
5.300 -0.00 0.02
5.310 0.00 0.02
5.320 0.01 0.02
5.330 0.01 0.03
5.340 0.01 0.03
5.350 0.01 0.03
5.360 0.01 0.03
5.370 0.02 0.04
5.380 0.02 0.04
5.390 0.02 0.04
5.400 0.03 0.04
5.410 0.03 0.05
5.420 0.03 0.05
5.430 0.03 0.05
5.440 0.04 0.05
5.450 0.04 0.06
5.460 0.04 0.06
5.470 0.04 0.06
5.480 0.04 0.06
5.490 0.04 0.07
5.500 0.05 0.07
5.510 0.05 0.07
5.520 0.05 0.07
5.530 0.05 0.07
5.540 0.05 0.08
5.550 0.05 0.08
5.560 0.06 0.08
5.570 0.06 0.08
5.580 0.06 0.08
5.590 0.06 0.08
5.600 0.06 0.09
5.610 0.06 0.09
5.620 0.06 0.09
5.630 0.06 0.09
5.640 0.06 0.09
5.650 0.06 0.09
5.660 0.06 0.09
5.670 0.06 0.09
5.680 0.06 0.10
5.690 0.07 0.10
5.700 0.07 0.10
5.710 0.07 0.10
5.720 0.07 0.10
5.730 0.07 0.10
5.740 0.07 0.10
5.750 0.07 0.10
5.760 0.07 0.10
5.770 0.07 0.10
5.780 0.07 0.10
5.790 0.07 0.10
5.800 0.07 0.10
5.810 0.07 0.10
5.820 0.07 0.10
5.830 0.07 0.10
5.840 0.07 0.10
5.850 0.07 0.09
5.860 0.06 0.09
5.870 0.06 0.09
5.880 0.06 0.09
5.890 0.06 0.09
5.900 0.06 0.09
5.910 0.06 0.09
5.920 0.06 0.09
5.930 0.05 0.08
5.940 0.05 0.08
5.950 0.05 0.08
5.960 0.05 0.08
5.970 0.05 0.08
5.980 0.05 0.07
5.990 0.04 0.07
6.000 0.04 0.07
6.010 0.04 0.07
6.020 0.04 0.06
6.030 0.03 0.06
6.040 0.03 0.06
6.050 0.03 0.06
6.060 0.03 0.06
6.070 0.02 0.05
6.080 0.02 0.05
6.090 0.02 0.05
6.100 0.02 0.05
6.110 0.01 0.04
6.120 0.01 0.04
6.130 0.00 0.04
6.140 0.00 0.04
6.150 -0.00 0.03
6.160 -0.00 0.03
6.170 -0.01 0.03
6.180 -0.01 0.03
6.190 -0.01 0.02
6.200 -0.02 0.02
6.210 -0.02 0.02
6.220 -0.02 0.01
6.230 -0.02 0.01
6.240 -0.02 0.01
6.250 -0.03 0.01
6.260 -0.03 0.00
6.270 -0.03 -0.00
6.280 -0.04 -0.00
6.290 -0.04 -0.01
6.300 -0.04 -0.01
6.310 -0.04 -0.01
6.320 -0.04 -0.02
6.330 -0.05 -0.02
6.340 -0.05 -0.02
6.350 -0.05 -0.02
6.360 -0.05 -0.03
6.370 -0.06 -0.03
6.380 -0.06 -0.03
6.390 -0.06 -0.03
6.400 -0.07 -0.04
6.410 -0.07 -0.04
6.420 -0.07 -0.04
6.430 -0.07 -0.04
6.440 -0.07 -0.04
6.450 -0.07 -0.05
6.460 -0.07 -0.05
6.470 -0.08 -0.05
6.480 -0.08 -0.05
6.490 -0.08 -0.05
6.500 -0.08 -0.06
6.510 -0.08 -0.06
6.520 -0.08 -0.06
6.530 -0.08 -0.06
6.540 -0.09 -0.06
6.550 -0.09 -0.06
6.560 -0.09 -0.06
6.570 -0.09 -0.07
6.580 -0.09 -0.07
6.590 -0.09 -0.07
6.600 -0.09 -0.07
6.610 -0.09 -0.07
6.620 -0.09 -0.07
6.630 -0.10 -0.07
6.640 -0.10 -0.07
6.650 -0.10 -0.07
6.660 -0.10 -0.07
6.670 -0.09 -0.07
6.680 -0.09 -0.07
6.690 -0.10 -0.08
6.700 -0.09 -0.08
6.710 -0.10 -0.08
6.720 -0.10 -0.08
6.730 -0.10 -0.08
6.740 -0.10 -0.08
6.750 -0.10 -0.08
6.760 -0.10 -0.08
6.770 -0.10 -0.08
6.780 -0.10 -0.08
6.790 -0.10 -0.08
6.800 -0.10 -0.08
6.810 -0.10 -0.08
6.820 -0.10 -0.08
6.830 -0.10 -0.08
6.840 -0.10 -0.07
6.850 -0.09 -0.07
6.860 -0.09 -0.07
6.870 -0.09 -0.07
6.880 -0.09 -0.07
6.890 -0.09 -0.07
6.900 -0.09 -0.06
6.910 -0.09 -0.06
6.920 -0.09 -0.06
6.930 -0.09 -0.06
6.940 -0.09 -0.06
6.950 -0.08 -0.05
6.960 -0.08 -0.05
6.970 -0.08 -0.05
6.980 -0.08 -0.05
6.990 -0.08 -0.04
7.000 -0.07 -0.04
7.010 -0.07 -0.04
7.020 -0.07 -0.04
7.030 -0.07 -0.03
7.040 -0.07 -0.03
7.050 -0.06 -0.03
7.060 -0.06 -0.03
7.070 -0.06 -0.02
7.080 -0.05 -0.02
7.090 -0.05 -0.02
7.100 -0.05 -0.01
7.110 -0.05 -0.01
7.120 -0.04 -0.01
7.130 -0.04 -0.00
7.140 -0.04 -0.00
7.150 -0.04 -0.00
7.160 -0.03 0.00
7.170 -0.03 0.00
7.180 -0.03 0.00
7.190 -0.03 0.01
7.200 -0.02 0.01
7.210 -0.02 0.01
7.220 -0.02 0.02
7.230 -0.02 0.02
7.240 -0.01 0.02
7.250 -0.01 0.02
7.260 -0.01 0.03
7.270 -0.01 0.03
7.280 -0.00 0.03
7.290 -0.00 0.03
7.300 0.00 0.04
7.310 0.00 0.04
7.320 0.01 0.04
7.330 0.01 0.04
7.340 0.01 0.05
7.350 0.02 0.05
7.360 0.02 0.05
7.370 0.02 0.05
7.380 0.02 0.06
7.390 0.02 0.06
7.400 0.03 0.06
7.410 0.03 0.06
7.420 0.03 0.06
7.430 0.03 0.07
7.440 0.04 0.07
7.450 0.04 0.07
7.460 0.04 0.07
7.470 0.04 0.07
7.480 0.05 0.08
7.490 0.05 0.08
7.500 0.05 0.08
7.510 0.05 0.08
7.520 0.06 0.08
7.530 0.06 0.08
7.540 0.06 0.09
7.550 0.06 0.09
7.560 0.06 0.09
7.570 0.06 0.09
7.580 0.06 0.09
7.590 0.06 0.09
7.600 0.07 0.09
7.610 0.07 0.09
7.620 0.07 0.09
7.630 0.07 0.09
7.640 0.07 0.09
7.650 0.07 0.09
7.660 0.07 0.09
7.670 0.07 0.09
7.680 0.07 0.09
7.690 0.07 0.09
7.700 0.07 0.09
7.710 0.07 0.09
7.720 0.07 0.09
7.730 0.07 0.09
7.740 0.07 0.09
7.750 0.07 0.09
7.760 0.07 0.09
7.770 0.07 0.08
7.780 0.07 0.08
7.790 0.07 0.08
7.800 0.07 0.08
7.810 0.07 0.08
7.820 0.07 0.08
7.830 0.07 0.08
7.840 0.07 0.08
7.850 0.07 0.08
7.860 0.07 0.07
7.870 0.06 0.07
7.880 0.06 0.07
7.890 0.06 0.07
7.900 0.06 0.07
7.910 0.06 0.07
7.920 0.06 0.06
7.930 0.05 0.06
7.940 0.05 0.06
7.950 0.05 0.06
7.960 0.05 0.05
7.970 0.04 0.05
7.980 0.04 0.05
7.990 0.04 0.05
8.000 0.04 0.04
8.010 0.03 0.04
8.020 0.03 0.04
8.030 0.03 0.04
8.040 0.02 0.03
8.050 0.02 0.03
8.060 0.02 0.03
8.070 0.01 0.02
8.080 0.01 0.02
8.090 0.01 0.02
8.100 0.00 0.02
8.110 0.00 0.01
8.120 -0.00 0.01
8.130 -0.00 0.01
8.140 -0.01 0.01
8.150 -0.01 0.00
8.160 -0.01 0.00
8.170 -0.02 -0.00
8.180 -0.02 -0.00
8.190 -0.02 -0.01
8.200 -0.03 -0.01
8.210 -0.03 -0.01
8.220 -0.03 -0.01
8.230 -0.04 -0.02
8.240 -0.04 -0.02
8.250 -0.04 -0.02
8.260 -0.04 -0.03
8.270 -0.05 -0.03
8.280 -0.05 -0.03
8.290 -0.05 -0.03
8.300 -0.06 -0.03
8.310 -0.06 -0.03
8.320 -0.06 -0.03
8.330 -0.06 -0.04
8.340 -0.06 -0.04
8.350 -0.07 -0.04
8.360 -0.07 -0.04
8.370 -0.07 -0.04
8.380 -0.07 -0.05
8.390 -0.07 -0.05
8.400 -0.08 -0.05
8.410 -0.08 -0.05
8.420 -0.08 -0.05
8.430 -0.08 -0.06
8.440 -0.08 -0.06
8.450 -0.08 -0.06
8.460 -0.09 -0.06
8.470 -0.09 -0.06
8.480 -0.09 -0.06
8.490 -0.09 -0.06
8.500 -0.09 -0.07
8.510 -0.09 -0.07
8.520 -0.09 -0.07
8.530 -0.10 -0.07
8.540 -0.10 -0.07
8.550 -0.10 -0.07
8.560 -0.10 -0.07
8.570 -0.10 -0.07
8.580 -0.10 -0.07
8.590 -0.10 -0.07
8.600 -0.10 -0.07
8.610 -0.10 -0.07
8.620 -0.10 -0.07
8.630 -0.10 -0.07
8.640 -0.10 -0.07
8.650 -0.10 -0.07
8.660 -0.11 -0.07
8.670 -0.11 -0.07
8.680 -0.11 -0.07
8.690 -0.11 -0.07
8.700 -0.11 -0.07
8.710 -0.11 -0.07
8.720 -0.11 -0.07
8.730 -0.11 -0.07
8.740 -0.11 -0.07
8.750 -0.11 -0.07
8.760 -0.11 -0.07
8.770 -0.11 -0.07
8.780 -0.11 -0.06
8.790 -0.10 -0.06
8.800 -0.10 -0.06
8.810 -0.10 -0.06
8.820 -0.10 -0.06
8.830 -0.10 -0.06
8.840 -0.10 -0.06
8.850 -0.10 -0.06
8.860 -0.10 -0.05
8.870 -0.10 -0.05
8.880 -0.10 -0.05
8.890 -0.10 -0.05
8.900 -0.09 -0.05
8.910 -0.09 -0.04
8.920 -0.09 -0.04
8.930 -0.09 -0.04
8.940 -0.08 -0.04
8.950 -0.08 -0.03
8.960 -0.08 -0.03
8.970 -0.08 -0.03
8.980 -0.08 -0.03
8.990 -0.07 -0.02
9.000 -0.07 -0.02
9.010 -0.07 -0.02
9.020 -0.07 -0.01
9.030 -0.06 -0.01
9.040 -0.06 -0.01
9.050 -0.06 -0.00
9.060 -0.06 0.00
9.070 -0.06 0.00
9.080 -0.05 0.01
9.090 -0.05 0.01
9.100 -0.05 0.01
9.110 -0.05 0.02
9.120 -0.05 0.02
9.130 -0.04 0.02
9.140 -0.04 0.02
9.150 -0.04 0.03
9.160 -0.03 0.03
9.170 -0.03 0.03
9.180 -0.03 0.03
9.190 -0.02 0.04
9.200 -0.02 0.04
9.210 -0.02 0.04
9.220 -0.02 0.04
9.230 -0.01 0.05
9.240 -0.01 0.05
9.250 -0.01 0.05
9.260 -0.00 0.05
9.270 0.00 0.06
9.280 0.00 0.06
9.290 0.01 0.06
9.300 0.01 0.06
9.310 0.01 0.07
9.320 0.01 0.07
9.330 0.02 0.07
9.340 0.02 0.07
9.350 0.02 0.07
9.360 0.03 0.07
9.370 0.03 0.08
9.380 0.03 0.08
9.390 0.04 0.08
9.400 0.04 0.08
9.410 0.04 0.08
9.420 0.04 0.09
9.430 0.05 0.09
9.440 0.05 0.09
9.450 0.05 0.09
9.460 0.05 0.09
9.470 0.06 0.09
9.480 0.06 0.09
9.490 0.06 0.09
9.500 0.06 0.09
9.510 0.07 0.10
9.520 0.07 0.10
9.530 0.07 0.10
9.540 0.07 0.10
9.550 0.07 0.10
9.560 0.07 0.10
9.570 0.08 0.10
9.580 0.08 0.10
9.590 0.08 0.10
9.600 0.08 0.10
9.610 0.08 0.10
9.620 0.08 0.10
9.630 0.08 0.09
9.640 0.08 0.09
9.650 0.08 0.09
9.660 0.08 0.09
9.670 0.08 0.09
9.680 0.08 0.09
9.690 0.08 0.09
9.700 0.08 0.09
9.710 0.08 0.09
9.720 0.08 0.09
9.730 0.08 0.09
9.740 0.08 0.09
9.750 0.08 0.09
9.760 0.08 0.09
9.770 0.08 0.08
9.780 0.07 0.08
9.790 0.07 0.08
9.800 0.07 0.08
9.810 0.07 0.08
9.820 0.07 0.08
9.830 0.06 0.08
9.840 0.06 0.08
9.850 0.06 0.08
9.860 0.06 0.07
9.870 0.05 0.07
9.880 0.05 0.07
9.890 0.05 0.07
9.900 0.05 0.07
9.910 0.04 0.06
9.920 0.04 0.06
9.930 0.04 0.06
9.940 0.04 0.06
9.950 0.03 0.06
9.960 0.03 0.05
9.970 0.03 0.05
9.980 0.03 0.05
9.990 0.02 0.05
10.000 0.02 0.04
10.010 0.02 0.04
10.020 0.01 0.04
10.030 0.01 0.04
10.040 0.01 0.04
10.050 0.00 0.03
10.060 -0.00 0.03
10.070 -0.00 0.03
10.080 -0.01 0.02
10.090 -0.01 0.02
10.100 -0.01 0.02
10.110 -0.02 0.01
10.120 -0.02 0.01
10.130 -0.02 0.01
10.140 -0.03 0.00
10.150 -0.03 0.00
10.160 -0.03 -0.00
10.170 -0.03 -0.00
10.180 -0.04 -0.01
10.190 -0.04 -0.01
10.200 -0.04 -0.01
10.210 -0.05 -0.02
10.220 -0.05 -0.02
10.230 -0.05 -0.02
10.240 -0.06 -0.02
10.250 -0.06 -0.03
10.260 -0.06 -0.03
10.270 -0.07 -0.03
10.280 -0.07 -0.03
10.290 -0.07 -0.03
10.300 -0.07 -0.04
10.310 -0.07 -0.04
10.320 -0.08 -0.04
10.330 -0.08 -0.04
10.340 -0.08 -0.05
10.350 -0.08 -0.05
10.360 -0.08 -0.05
10.370 -0.09 -0.05
10.380 -0.09 -0.05
10.390 -0.09 -0.05
10.400 -0.09 -0.05
10.410 -0.09 -0.05
10.420 -0.09 -0.05
10.430 -0.10 -0.05
10.440 -0.10 -0.06
10.450 -0.10 -0.06
10.460 -0.10 -0.06
10.470 -0.10 -0.06
10.480 -0.10 -0.06
10.490 -0.10 -0.06
10.500 -0.11 -0.06
10.510 -0.11 -0.06
10.520 -0.11 -0.06
10.530 -0.11 -0.06
10.540 -0.11 -0.06
10.550 -0.11 -0.06
10.560 -0.11 -0.06
10.570 -0.11 -0.06
10.580 -0.11 -0.06
10.590 -0.11 -0.06
10.600 -0.11 -0.06
10.610 -0.11 -0.06
10.620 -0.11 -0.06
10.630 -0.11 -0.06
10.640 -0.11 -0.06
10.650 -0.11 -0.06
10.660 -0.11 -0.05
10.670 -0.11 -0.05
10.680 -0.11 -0.05
10.690 -0.11 -0.05
10.700 -0.11 -0.05
10.710 -0.11 -0.05
10.720 -0.11 -0.05
10.730 -0.11 -0.04
10.740 -0.11 -0.04
10.750 -0.11 -0.04
10.760 -0.11 -0.04
10.770 -0.11 -0.04
10.780 -0.11 -0.04
10.790 -0.11 -0.04
10.800 -0.10 -0.04
10.810 -0.10 -0.04
10.820 -0.10 -0.04
10.830 -0.10 -0.03
10.840 -0.10 -0.03
10.850 -0.10 -0.03
10.860 -0.09 -0.03
10.870 -0.09 -0.03
10.880 -0.09 -0.02
10.890 -0.09 -0.02
10.900 -0.09 -0.02
10.910 -0.08 -0.02
10.920 -0.08 -0.02
10.930 -0.08 -0.01
10.940 -0.08 -0.01
10.950 -0.08 -0.01
10.960 -0.07 -0.01
10.970 -0.07 -0.01
10.980 -0.07 -0.01
10.990 -0.07 -0.01
11.000 -0.06 -0.00
11.010 -0.06 -0.00
11.020 -0.06 -0.00
11.030 -0.06 0.00
11.040 -0.05 0.00
11.050 -0.05 0.01
11.060 -0.05 0.01
11.070 -0.04 0.01
11.080 -0.04 0.01
11.090 -0.04 0.02
11.100 -0.03 0.02
11.110 -0.03 0.02
11.120 -0.03 0.03
11.130 -0.02 0.03
11.140 -0.02 0.03
11.150 -0.02 0.03
11.160 -0.01 0.04
11.170 -0.01 0.04
11.180 -0.01 0.04
11.190 -0.01 0.04
11.200 -0.00 0.04
11.210 0.00 0.04
11.220 0.01 0.05
11.230 0.01 0.05
11.240 0.01 0.05
11.250 0.01 0.05
11.260 0.02 0.06
11.270 0.02 0.06
11.280 0.02 0.06
11.290 0.03 0.06
11.300 0.03 0.06
11.310 0.03 0.06
11.320 0.04 0.07
11.330 0.04 0.07
11.340 0.04 0.07
11.350 0.05 0.07
11.360 0.05 0.07
11.370 0.05 0.08
11.380 0.05 0.08
11.390 0.06 0.08
11.400 0.06 0.08
11.410 0.06 0.08
11.420 0.06 0.08
11.430 0.07 0.08
11.440 0.07 0.09
11.450 0.07 0.09
11.460 0.07 0.09
11.470 0.08 0.09
11.480 0.08 0.09
11.490 0.08 0.09
11.500 0.08 0.09
11.510 0.08 0.09
11.520 0.08 0.09
11.530 0.08 0.10
11.540 0.09 0.10
11.550 0.09 0.10
11.560 0.09 0.10
11.570 0.09 0.10
11.580 0.09 0.10
11.590 0.09 0.10
11.600 0.09 0.10
11.610 0.09 0.10
11.620 0.09 0.10
11.630 0.09 0.10
11.640 0.08 0.10
11.650 0.08 0.10
11.660 0.08 0.10
11.670 0.08 0.10
11.680 0.08 0.10
11.690 0.08 0.09
11.700 0.08 0.09
11.710 0.08 0.09
11.720 0.08 0.09
11.730 0.07 0.09
11.740 0.07 0.09
11.750 0.07 0.09
11.760 0.07 0.09
11.770 0.06 0.09
11.780 0.06 0.08
11.790 0.06 0.08
11.800 0.06 0.08
11.810 0.05 0.08
11.820 0.05 0.08
11.830 0.05 0.08
11.840 0.05 0.07
11.850 0.05 0.07
11.860 0.04 0.07
11.870 0.04 0.07
11.880 0.04 0.06
11.890 0.03 0.06
11.900 0.03 0.06
11.910 0.03 0.06
11.920 0.03 0.05
11.930 0.02 0.05
11.940 0.02 0.05
11.950 0.02 0.05
11.960 0.02 0.05
11.970 0.01 0.04
11.980 0.01 0.04
11.990 0.01 0.04
12.000 0.00 0.04
12.010 -0.00 0.03
12.020 -0.00 0.03
12.030 -0.01 0.03
12.040 -0.01 0.02
12.050 -0.01 0.02
12.060 -0.02 0.02
12.070 -0.02 0.02
12.080 -0.02 0.01
12.090 -0.02 0.01
12.100 -0.03 0.01
12.110 -0.03 0.01
12.120 -0.03 0.01
12.130 -0.04 0.01
12.140 -0.04 0.00
12.150 -0.04 0.00
12.160 -0.05 -0.00
12.170 -0.05 -0.00
12.180 -0.05 -0.00
12.190 -0.06 -0.01
12.200 -0.06 -0.01
12.210 -0.06 -0.01
12.220 -0.06 -0.01
12.230 -0.07 -0.01
12.240 -0.07 -0.02
12.250 -0.07 -0.02
12.260 -0.07 -0.02
12.270 -0.08 -0.02
12.280 -0.08 -0.02
12.290 -0.08 -0.02
12.300 -0.08 -0.03
12.310 -0.09 -0.03
12.320 -0.09 -0.03
12.330 -0.09 -0.03
12.340 -0.09 -0.03
12.350 -0.09 -0.03
12.360 -0.10 -0.03
12.370 -0.10 -0.03
12.380 -0.10 -0.03
12.390 -0.10 -0.04
12.400 -0.10 -0.04
12.410 -0.10 -0.04
12.420 -0.11 -0.04
12.430 -0.11 -0.04
12.440 -0.11 -0.04
12.450 -0.11 -0.04
12.460 -0.11 -0.04
12.470 -0.11 -0.05
12.480 -0.11 -0.05
12.490 -0.11 -0.05
12.500 -0.11 -0.05
12.510 -0.11 -0.05
12.520 -0.11 -0.05
12.530 -0.11 -0.05
12.540 -0.11 -0.05
12.550 -0.11 -0.05
12.560 -0.11 -0.05
12.570 -0.11 -0.05
12.580 -0.11 -0.05
12.590 -0.11 -0.05
12.600 -0.11 -0.05
12.610 -0.11 -0.05
12.620 -0.11 -0.05
12.630 -0.11 -0.05
12.640 -0.11 -0.05
12.650 -0.11 -0.05
12.660 -0.11 -0.05
12.670 -0.11 -0.05
12.680 -0.11 -0.05
12.690 -0.10 -0.05
12.700 -0.10 -0.05
12.710 -0.10 -0.05
12.720 -0.10 -0.05
12.730 -0.10 -0.05
12.740 -0.09 -0.05
12.750 -0.09 -0.05
12.760 -0.09 -0.05
12.770 -0.09 -0.04
12.780 -0.09 -0.04
12.790 -0.09 -0.04
12.800 -0.08 -0.04
12.810 -0.08 -0.04
12.820 -0.08 -0.03
12.830 -0.08 -0.03
12.840 -0.08 -0.03
12.850 -0.07 -0.03
12.860 -0.07 -0.02
12.870 -0.07 -0.02
12.880 -0.07 -0.02
12.890 -0.07 -0.02
12.900 -0.06 -0.02
12.910 -0.06 -0.02
12.920 -0.06 -0.02
12.930 -0.06 -0.01
12.940 -0.05 -0.01
12.950 -0.05 -0.01
12.960 -0.05 -0.01
12.970 -0.05 -0.00
12.980 -0.04 -0.00
12.990 -0.04 0.00
13.000 -0.04 0.00
13.010 -0.04 0.01
13.020 -0.03 0.01
13.030 -0.03 0.01
13.040 -0.03 0.01
13.050 -0.03 0.02
13.060 -0.02 0.02
13.070 -0.02 0.02
13.080 -0.02 0.02
13.090 -0.01 0.03
13.100 -0.01 0.03
13.110 -0.01 0.03
13.120 -0.00 0.03
13.130 -0.00 0.04
13.140 0.00 0.04
13.150 0.01 0.04
13.160 0.01 0.04
13.170 0.01 0.04
13.180 0.02 0.04
13.190 0.02 0.05
13.200 0.02 0.05
13.210 0.03 0.05
13.220 0.03 0.05
13.230 0.03 0.05
13.240 0.04 0.05
13.250 0.04 0.05
13.260 0.04 0.06
13.270 0.05 0.06
13.280 0.05 0.06
13.290 0.05 0.06
13.300 0.06 0.06
13.310 0.06 0.07
13.320 0.06 0.07
13.330 0.07 0.07
13.340 0.07 0.07
13.350 0.07 0.07
13.360 0.07 0.07
13.370 0.07 0.07
13.380 0.08 0.07
13.390 0.08 0.08
13.400 0.08 0.08
13.410 0.08 0.08
13.420 0.08 0.08
13.430 0.09 0.08
13.440 0.09 0.08
13.450 0.09 0.09
13.460 0.09 0.09
13.470 0.09 0.09
13.480 0.09 0.09
13.490 0.09 0.09
13.500 0.09 0.09
13.510 0.09 0.09
13.520 0.09 0.09
13.530 0.09 0.09
13.540 0.09 0.09
13.550 0.09 0.09
13.560 0.09 0.10
13.570 0.09 0.10
13.580 0.09 0.10
13.590 0.09 0.09
13.600 0.09 0.09
13.610 0.09 0.09
13.620 0.09 0.09
13.630 0.09 0.09
13.640 0.09 0.09
13.650 0.09 0.09
13.660 0.09 0.09
13.670 0.09 0.09
13.680 0.08 0.09
13.690 0.08 0.09
13.700 0.08 0.09
13.710 0.08 0.09
13.720 0.08 0.09
13.730 0.07 0.09
13.740 0.07 0.08
13.750 0.07 0.08
13.760 0.07 0.08
13.770 0.07 0.08
13.780 0.07 0.08
13.790 0.06 0.08
13.800 0.06 0.08
13.810 0.06 0.07
13.820 0.06 0.07
13.830 0.05 0.07
13.840 0.05 0.07
13.850 0.05 0.07
13.860 0.05 0.07
13.870 0.04 0.06
13.880 0.04 0.06
13.890 0.04 0.06
13.900 0.03 0.06
13.910 0.03 0.06
13.920 0.02 0.05
13.930 0.02 0.05
13.940 0.02 0.05
13.950 0.01 0.05
13.960 0.01 0.04
13.970 0.00 0.04
13.980 0.00 0.04
13.990 -0.00 0.03
14.000 -0.01 0.03
14.010 -0.01 0.03
14.020 -0.01 0.03
14.030 -0.02 0.02
14.040 -0.02 0.02
14.050 -0.03 0.02
14.060 -0.03 0.02
14.070 -0.03 0.01
14.080 -0.04 0.01
14.090 -0.04 0.01
14.100 -0.05 0.00
14.110 -0.05 0.00
14.120 -0.05 -0.00
14.130 -0.06 -0.00
14.140 -0.06 -0.01
14.150 -0.06 -0.01
14.160 -0.06 -0.01
14.170 -0.07 -0.01
14.180 -0.07 -0.02
14.190 -0.07 -0.02
14.200 -0.07 -0.02
14.210 -0.07 -0.02
14.220 -0.08 -0.03
14.230 -0.08 -0.03
14.240 -0.08 -0.03
14.250 -0.09 -0.03
14.260 -0.09 -0.04
14.270 -0.09 -0.04
14.280 -0.09 -0.04
14.290 -0.09 -0.04
14.300 -0.09 -0.04
14.310 -0.09 -0.04
14.320 -0.09 -0.04
14.330 -0.09 -0.05
14.340 -0.10 -0.05
14.350 -0.10 -0.05
14.360 -0.10 -0.05
14.370 -0.10 -0.05
14.380 -0.10 -0.05
14.390 -0.10 -0.05
14.400 -0.10 -0.05
14.410 -0.10 -0.05
14.420 -0.10 -0.05
14.430 -0.10 -0.06
14.440 -0.10 -0.06
14.450 -0.10 -0.06
14.460 -0.10 -0.06
14.470 -0.10 -0.06
14.480 -0.10 -0.06
14.490 -0.11 -0.06
14.500 -0.10 -0.06
14.510 -0.10 -0.06
14.520 -0.10 -0.06
14.530 -0.10 -0.06
14.540 -0.10 -0.06
14.550 -0.10 -0.06
14.560 -0.10 -0.06
14.570 -0.10 -0.06
14.580 -0.10 -0.06
14.590 -0.10 -0.06
14.600 -0.10 -0.06
14.610 -0.10 -0.06
14.620 -0.10 -0.06
14.630 -0.10 -0.06
14.640 -0.10 -0.06
14.650 -0.10 -0.06
14.660 -0.10 -0.06
14.670 -0.10 -0.06
14.680 -0.10 -0.05
14.690 -0.10 -0.05
14.700 -0.09 -0.05
14.710 -0.09 -0.05
14.720 -0.09 -0.05
14.730 -0.09 -0.05
14.740 -0.09 -0.05
14.750 -0.08 -0.04
14.760 -0.08 -0.04
14.770 -0.08 -0.04
14.780 -0.08 -0.04
14.790 -0.07 -0.04
14.800 -0.07 -0.04
14.810 -0.07 -0.03
14.820 -0.07 -0.03
14.830 -0.07 -0.03
14.840 -0.07 -0.03
14.850 -0.06 -0.03
14.860 -0.06 -0.03
14.870 -0.06 -0.02
14.880 -0.05 -0.02
14.890 -0.05 -0.02
14.900 -0.05 -0.02
14.910 -0.05 -0.01
14.920 -0.04 -0.01
14.930 -0.04 -0.01
14.940 -0.04 -0.01
14.950 -0.04 -0.00
14.960 -0.03 -0.00
14.970 -0.03 0.00
14.980 -0.03 0.00
14.990 -0.02 0.01
15.000 -0.02 0.01
15.010 -0.02 0.01
15.020 -0.02 0.01
15.030 -0.01 0.02
15.040 -0.01 0.02
15.050 -0.01 0.02
15.060 -0.01 0.02
15.070 -0.00 0.03
15.080 -0.00 0.03
15.090 0.00 0.03
15.100 0.01 0.03
15.110 0.01 0.03
15.120 0.01 0.04
15.130 0.02 0.04
15.140 0.02 0.04
15.150 0.02 0.04
15.160 0.03 0.05
15.170 0.03 0.05
15.180 0.03 0.05
15.190 0.03 0.05
15.200 0.04 0.06
15.210 0.04 0.06
15.220 0.04 0.06
15.230 0.05 0.06
15.240 0.05 0.06
15.250 0.05 0.07
15.260 0.05 0.07
15.270 0.06 0.07
15.280 0.06 0.07
15.290 0.06 0.08
15.300 0.06 0.08
15.310 0.07 0.08
15.320 0.07 0.08
15.330 0.07 0.08
15.340 0.07 0.08
15.350 0.08 0.08
15.360 0.08 0.08
15.370 0.08 0.09
15.380 0.08 0.09
15.390 0.08 0.09
15.400 0.08 0.09
15.410 0.08 0.09
15.420 0.08 0.09
15.430 0.09 0.09
15.440 0.09 0.09
15.450 0.09 0.09
15.460 0.09 0.09
15.470 0.09 0.09
15.480 0.09 0.09
15.490 0.09 0.09
15.500 0.08 0.09
15.510 0.08 0.09
15.520 0.08 0.09
15.530 0.08 0.09
15.540 0.08 0.09
15.550 0.08 0.09
15.560 0.08 0.09
15.570 0.08 0.09
15.580 0.08 0.09
15.590 0.08 0.09
15.600 0.08 0.08
15.610 0.08 0.08
15.620 0.07 0.08
15.630 0.07 0.08
15.640 0.07 0.08
15.650 0.07 0.08
15.660 0.07 0.08
15.670 0.06 0.08
15.680 0.06 0.07
15.690 0.06 0.07
15.700 0.06 0.07
15.710 0.06 0.07
15.720 0.06 0.07
15.730 0.05 0.07
15.740 0.05 0.07
15.750 0.05 0.07
15.760 0.05 0.06
15.770 0.04 0.06
15.780 0.04 0.06
15.790 0.04 0.06
15.800 0.04 0.06
15.810 0.04 0.05
15.820 0.03 0.05
15.830 0.03 0.05
15.840 0.02 0.05
15.850 0.02 0.05
15.860 0.02 0.04
15.870 0.02 0.04
15.880 0.01 0.04
15.890 0.01 0.03
15.900 0.01 0.03
15.910 0.00 0.03
15.920 0.00 0.03
15.930 -0.00 0.02
15.940 -0.01 0.02
15.950 -0.01 0.02
15.960 -0.01 0.02
15.970 -0.02 0.01
15.980 -0.02 0.01
15.990 -0.02 0.01
16.000 -0.02 0.00
16.010 -0.03 0.00
16.020 -0.03 -0.00
16.030 -0.03 -0.00
16.040 -0.04 -0.01
16.050 -0.04 -0.01
16.060 -0.04 -0.01
16.070 -0.05 -0.01
16.080 -0.05 -0.01
16.090 -0.05 -0.02
16.100 -0.05 -0.02
16.110 -0.06 -0.02
16.120 -0.06 -0.02
16.130 -0.06 -0.03
16.140 -0.06 -0.03
16.150 -0.07 -0.03
16.160 -0.07 -0.03
16.170 -0.07 -0.03
16.180 -0.07 -0.03
16.190 -0.08 -0.03
16.200 -0.08 -0.03
16.210 -0.08 -0.04
16.220 -0.08 -0.04
16.230 -0.08 -0.04
16.240 -0.08 -0.04
16.250 -0.09 -0.04
16.260 -0.09 -0.05
16.270 -0.09 -0.05
16.280 -0.09 -0.05
16.290 -0.09 -0.05
16.300 -0.09 -0.05
16.310 -0.10 -0.05
16.320 -0.10 -0.05
16.330 -0.10 -0.06
16.340 -0.10 -0.06
16.350 -0.10 -0.06
16.360 -0.10 -0.06
16.370 -0.10 -0.06
16.380 -0.10 -0.06
16.390 -0.10 -0.06
16.400 -0.10 -0.06
16.410 -0.10 -0.06
16.420 -0.10 -0.06
16.430 -0.10 -0.06
16.440 -0.10 -0.06
16.450 -0.11 -0.07
16.460 -0.11 -0.07
16.470 -0.11 -0.07
16.480 -0.11 -0.07
16.490 -0.11 -0.07
16.500 -0.11 -0.07
16.510 -0.11 -0.07
16.520 -0.11 -0.07
16.530 -0.11 -0.07
16.540 -0.10 -0.07
16.550 -0.11 -0.07
16.560 -0.11 -0.06
16.570 -0.10 -0.06
16.580 -0.10 -0.06
16.590 -0.10 -0.06
16.600 -0.10 -0.06
16.610 -0.10 -0.06
16.620 -0.10 -0.06
16.630 -0.10 -0.06
16.640 -0.10 -0.06
16.650 -0.10 -0.06
16.660 -0.10 -0.06
16.670 -0.09 -0.06
16.680 -0.09 -0.05
16.690 -0.09 -0.05
16.700 -0.09 -0.05
16.710 -0.09 -0.05
16.720 -0.09 -0.05
16.730 -0.08 -0.05
16.740 -0.08 -0.05
16.750 -0.08 -0.05
16.760 -0.08 -0.04
16.770 -0.07 -0.04
16.780 -0.07 -0.04
16.790 -0.07 -0.04
16.800 -0.07 -0.04
16.810 -0.06 -0.03
16.820 -0.06 -0.03
16.830 -0.06 -0.03
16.840 -0.06 -0.03
16.850 -0.05 -0.02
16.860 -0.05 -0.02
16.870 -0.05 -0.02
16.880 -0.05 -0.02
16.890 -0.04 -0.02
16.900 -0.04 -0.02
16.910 -0.04 -0.01
16.920 -0.03 -0.01
16.930 -0.03 -0.01
16.940 -0.03 -0.01
16.950 -0.03 -0.00
16.960 -0.02 -0.00
16.970 -0.02 -0.00
16.980 -0.01 0.00
16.990 -0.01 0.01
17.000 -0.01 0.01
17.010 -0.00 0.01
17.020 -0.00 0.01
17.030 0.00 0.02
17.040 0.00 0.02
17.050 0.01 0.02
17.060 0.01 0.02
17.070 0.01 0.03
17.080 0.01 0.03
17.090 0.02 0.03
17.100 0.02 0.03
17.110 0.02 0.04
17.120 0.02 0.04
17.130 0.03 0.04
17.140 0.03 0.04
17.150 0.03 0.04
17.160 0.03 0.05
17.170 0.03 0.05
17.180 0.04 0.05
17.190 0.04 0.05
17.200 0.04 0.06
17.210 0.04 0.06
17.220 0.05 0.06
17.230 0.05 0.06
17.240 0.05 0.07
17.250 0.05 0.07
17.260 0.05 0.07
17.270 0.06 0.07
17.280 0.06 0.07
17.290 0.06 0.07
17.300 0.06 0.08
17.310 0.06 0.08
17.320 0.06 0.08
17.330 0.07 0.08
17.340 0.07 0.08
17.350 0.07 0.08
17.360 0.07 0.08
17.370 0.07 0.08
17.380 0.07 0.08
17.390 0.07 0.09
17.400 0.07 0.09
17.410 0.07 0.09
17.420 0.07 0.09
17.430 0.07 0.09
17.440 0.07 0.09
17.450 0.07 0.09
17.460 0.07 0.09
17.470 0.07 0.09
17.480 0.07 0.09
17.490 0.07 0.09
17.500 0.07 0.09
17.510 0.07 0.09
17.520 0.07 0.09
17.530 0.07 0.09
17.540 0.07 0.08
17.550 0.07 0.08
17.560 0.07 0.08
17.570 0.06 0.08
17.580 0.06 0.08
17.590 0.06 0.08
17.600 0.06 0.08
17.610 0.06 0.08
17.620 0.05 0.08
17.630 0.05 0.08
17.640 0.05 0.07
17.650 0.05 0.07
17.660 0.05 0.07
17.670 0.04 0.07
17.680 0.04 0.07
17.690 0.04 0.07
17.700 0.04 0.06
17.710 0.03 0.06
17.720 0.03 0.06
17.730 0.03 0.06
17.740 0.03 0.06
17.750 0.03 0.05
17.760 0.02 0.05
17.770 0.02 0.05
17.780 0.02 0.05
17.790 0.01 0.05
17.800 0.01 0.04
17.810 0.01 0.04
17.820 0.00 0.04
17.830 0.00 0.04
17.840 -0.00 0.03
17.850 -0.01 0.03
17.860 -0.01 0.03
17.870 -0.01 0.03
17.880 -0.01 0.02
17.890 -0.02 0.02
17.900 -0.02 0.02
17.910 -0.03 0.01
17.920 -0.03 0.01
17.930 -0.03 0.01
17.940 -0.03 0.01
17.950 -0.04 0.01
17.960 -0.04 0.00
17.970 -0.04 -0.00
17.980 -0.05 -0.00
17.990 -0.05 -0.01
18.000 -0.05 -0.01
18.010 -0.06 -0.01
18.020 -0.06 -0.01
18.030 -0.06 -0.01
18.040 -0.06 -0.01
18.050 -0.07 -0.02
18.060 -0.07 -0.02
18.070 -0.07 -0.02
18.080 -0.07 -0.03
18.090 -0.08 -0.03
18.100 -0.08 -0.03
18.110 -0.08 -0.03
18.120 -0.08 -0.04
18.130 -0.08 -0.04
18.140 -0.09 -0.04
18.150 -0.09 -0.04
18.160 -0.09 -0.04
18.170 -0.09 -0.05
18.180 -0.09 -0.05
18.190 -0.09 -0.05
18.200 -0.10 -0.05
18.210 -0.10 -0.05
18.220 -0.10 -0.05
18.230 -0.10 -0.06
18.240 -0.10 -0.06
18.250 -0.10 -0.06
18.260 -0.10 -0.06
18.270 -0.10 -0.06
18.280 -0.10 -0.06
18.290 -0.10 -0.06
18.300 -0.10 -0.07
18.310 -0.11 -0.07
18.320 -0.11 -0.07
18.330 -0.11 -0.07
18.340 -0.11 -0.07
18.350 -0.11 -0.07
18.360 -0.11 -0.07
18.370 -0.11 -0.07
18.380 -0.11 -0.07
18.390 -0.11 -0.07
18.400 -0.11 -0.08
18.410 -0.11 -0.08
18.420 -0.11 -0.08
18.430 -0.11 -0.08
18.440 -0.11 -0.08
18.450 -0.11 -0.08
18.460 -0.11 -0.08
18.470 -0.11 -0.08
18.480 -0.11 -0.08
18.490 -0.11 -0.08
18.500 -0.11 -0.08
18.510 -0.11 -0.08
18.520 -0.11 -0.08
18.530 -0.11 -0.08
18.540 -0.11 -0.07
18.550 -0.11 -0.07
18.560 -0.11 -0.07
18.570 -0.11 -0.07
18.580 -0.11 -0.07
18.590 -0.11 -0.07
18.600 -0.10 -0.07
18.610 -0.10 -0.07
18.620 -0.10 -0.07
18.630 -0.10 -0.07
18.640 -0.10 -0.06
18.650 -0.10 -0.06
18.660 -0.09 -0.06
18.670 -0.09 -0.06
18.680 -0.09 -0.06
18.690 -0.09 -0.05
18.700 -0.09 -0.05
18.710 -0.09 -0.05
18.720 -0.09 -0.05
18.730 -0.08 -0.04
18.740 -0.08 -0.04
18.750 -0.08 -0.04
18.760 -0.08 -0.04
18.770 -0.07 -0.03
18.780 -0.07 -0.03
18.790 -0.07 -0.03
18.800 -0.07 -0.02
18.810 -0.06 -0.02
18.820 -0.06 -0.02
18.830 -0.06 -0.01
18.840 -0.05 -0.01
18.850 -0.05 -0.01
18.860 -0.05 -0.00
18.870 -0.04 -0.00
18.880 -0.04 0.00
18.890 -0.04 0.00
18.900 -0.03 0.01
18.910 -0.03 0.01
18.920 -0.03 0.01
18.930 -0.02 0.02
18.940 -0.02 0.02
18.950 -0.02 0.02
18.960 -0.02 0.02
18.970 -0.01 0.03
18.980 -0.01 0.03
18.990 -0.01 0.03
19.000 -0.00 0.03
19.010 -0.00 0.04
19.020 0.00 0.04
19.030 0.00 0.04
19.040 0.01 0.05
19.050 0.01 0.05
19.060 0.01 0.05
19.070 0.01 0.05
19.080 0.02 0.06
19.090 0.02 0.06
19.100 0.02 0.06
19.110 0.03 0.06
19.120 0.03 0.06
19.130 0.03 0.07
19.140 0.03 0.07
19.150 0.04 0.07
19.160 0.04 0.07
19.170 0.04 0.08
19.180 0.04 0.08
19.190 0.04 0.08
19.200 0.04 0.08
19.210 0.05 0.08
19.220 0.05 0.08
19.230 0.05 0.09
19.240 0.05 0.09
19.250 0.05 0.09
19.260 0.05 0.09
19.270 0.06 0.09
19.280 0.06 0.09
19.290 0.06 0.09
19.300 0.06 0.10
19.310 0.06 0.10
19.320 0.06 0.10
19.330 0.06 0.10
19.340 0.06 0.10
19.350 0.07 0.10
19.360 0.07 0.10
19.370 0.07 0.10
19.380 0.07 0.10
19.390 0.07 0.10
19.400 0.07 0.10
19.410 0.07 0.10
19.420 0.07 0.10
19.430 0.07 0.10
19.440 0.06 0.10
19.450 0.06 0.10
19.460 0.06 0.10
19.470 0.06 0.10
19.480 0.06 0.10
19.490 0.06 0.10
19.500 0.06 0.10
19.510 0.06 0.10
19.520 0.06 0.10
19.530 0.06 0.09
19.540 0.06 0.09
19.550 0.06 0.09
19.560 0.05 0.09
19.570 0.05 0.09
19.580 0.05 0.09
19.590 0.05 0.09
19.600 0.05 0.09
19.610 0.05 0.09
19.620 0.04 0.08
19.630 0.04 0.08
19.640 0.04 0.08
19.650 0.04 0.08
19.660 0.04 0.08
19.670 0.03 0.07
19.680 0.03 0.07
19.690 0.03 0.07
19.700 0.03 0.07
19.710 0.02 0.06
19.720 0.02 0.06
19.730 0.02 0.06
19.740 0.02 0.05
19.750 0.01 0.05
19.760 0.01 0.05
19.770 0.01 0.05
19.780 0.01 0.04
19.790 0.00 0.04
19.800 0.00 0.04
19.810 -0.00 0.03
19.820 -0.00 0.03
19.830 -0.01 0.03
19.840 -0.01 0.02
19.850 -0.01 0.02
19.860 -0.02 0.02
19.870 -0.02 0.01
19.880 -0.02 0.01
19.890 -0.03 0.01
19.900 -0.03 0.00
19.910 -0.03 0.00
19.920 -0.03 -0.00
19.930 -0.04 -0.00
19.940 -0.04 -0.01
19.950 -0.04 -0.01
19.960 -0.05 -0.01
19.970 -0.05 -0.02
19.980 -0.05 -0.02
19.990 -0.05 -0.02
20.000 -0.06 -0.02
20.010 -0.06 -0.03
20.020 -0.06 -0.03
20.030 -0.06 -0.03
20.040 -0.07 -0.04
20.050 -0.07 -0.04
20.060 -0.07 -0.04
20.070 -0.07 -0.05
20.080 -0.08 -0.05
20.090 -0.08 -0.05
20.100 -0.08 -0.05
20.110 -0.08 -0.05
20.120 -0.09 -0.05
20.130 -0.09 -0.06
20.140 -0.09 -0.06
20.150 -0.09 -0.06
20.160 -0.09 -0.06
20.170 -0.09 -0.06
20.180 -0.10 -0.06
20.190 -0.10 -0.07
20.200 -0.10 -0.07
20.210 -0.10 -0.07
20.220 -0.10 -0.07
20.230 -0.11 -0.07
20.240 -0.11 -0.07
20.250 -0.11 -0.07
20.260 -0.11 -0.07
20.270 -0.11 -0.08
20.280 -0.11 -0.08
20.290 -0.11 -0.08
20.300 -0.11 -0.08
20.310 -0.11 -0.08
20.320 -0.11 -0.08
20.330 -0.11 -0.08
20.340 -0.11 -0.08
20.350 -0.11 -0.08
20.360 -0.11 -0.08
20.370 -0.11 -0.08
20.380 -0.12 -0.08
20.390 -0.12 -0.08
20.400 -0.12 -0.08
20.410 -0.12 -0.08
20.420 -0.12 -0.08
20.430 -0.12 -0.08
20.440 -0.12 -0.08
20.450 -0.12 -0.07
20.460 -0.12 -0.07
20.470 -0.12 -0.07
20.480 -0.12 -0.07
20.490 -0.12 -0.07
20.500 -0.12 -0.07
20.510 -0.12 -0.07
20.520 -0.12 -0.07
20.530 -0.12 -0.07
20.540 -0.11 -0.07
20.550 -0.11 -0.06
20.560 -0.11 -0.06
20.570 -0.11 -0.06
20.580 -0.11 -0.06
20.590 -0.11 -0.06
20.600 -0.11 -0.05
20.610 -0.10 -0.05
20.620 -0.10 -0.05
20.630 -0.10 -0.05
20.640 -0.10 -0.05
20.650 -0.09 -0.04
20.660 -0.09 -0.04
20.670 -0.09 -0.04
20.680 -0.09 -0.04
20.690 -0.08 -0.04
20.700 -0.08 -0.03
20.710 -0.08 -0.03
20.720 -0.07 -0.03
20.730 -0.07 -0.03
20.740 -0.06 -0.02
20.750 -0.06 -0.02
20.760 -0.06 -0.02
20.770 -0.05 -0.01
20.780 -0.05 -0.01
20.790 -0.05 -0.01
20.800 -0.04 -0.01
20.810 -0.04 -0.00
20.820 -0.04 0.00
20.830 -0.03 0.01
20.840 -0.03 0.01
20.850 -0.03 0.01
20.860 -0.02 0.01
20.870 -0.02 0.01
20.880 -0.02 0.02
20.890 -0.01 0.02
20.900 -0.01 0.02
20.910 -0.01 0.02
20.920 -0.00 0.03
20.930 -0.00 0.03
20.940 0.00 0.03
20.950 0.00 0.03
20.960 0.01 0.04
20.970 0.01 0.04
20.980 0.01 0.04
20.990 0.01 0.04
21.000 0.01 0.05
21.010 0.02 0.05
21.020 0.02 0.05
21.030 0.02 0.05
21.040 0.02 0.06
21.050 0.03 0.06
21.060 0.03 0.06
21.070 0.03 0.06
21.080 0.03 0.06
21.090 0.03 0.07
21.100 0.04 0.07
21.110 0.04 0.07
21.120 0.04 0.07
21.130 0.04 0.07
21.140 0.04 0.08
21.150 0.05 0.08
21.160 0.05 0.08
21.170 0.05 0.08
21.180 0.05 0.09
21.190 0.05 0.09
21.200 0.05 0.09
21.210 0.05 0.09
21.220 0.06 0.09
21.230 0.06 0.09
21.240 0.06 0.10
21.250 0.06 0.10
21.260 0.06 0.10
21.270 0.06 0.10
21.280 0.06 0.10
21.290 0.06 0.10
21.300 0.06 0.10
21.310 0.06 0.10
21.320 0.06 0.10
21.330 0.06 0.10
21.340 0.06 0.10
21.350 0.06 0.10
21.360 0.06 0.11
21.370 0.06 0.11
21.380 0.06 0.10
21.390 0.06 0.10
21.400 0.06 0.10
21.410 0.06 0.10
21.420 0.06 0.10
21.430 0.06 0.10
21.440 0.05 0.10
21.450 0.05 0.10
21.460 0.05 0.09
21.470 0.05 0.09
21.480 0.05 0.09
21.490 0.05 0.09
21.500 0.05 0.09
21.510 0.05 0.08
21.520 0.05 0.08
21.530 0.04 0.08
21.540 0.04 0.08
21.550 0.04 0.08
21.560 0.04 0.07
21.570 0.04 0.07
21.580 0.04 0.07
21.590 0.04 0.07
21.600 0.04 0.07
21.610 0.03 0.06
21.620 0.03 0.06
21.630 0.03 0.05
21.640 0.03 0.05
21.650 0.02 0.05
21.660 0.02 0.04
21.670 0.02 0.04
21.680 0.02 0.04
21.690 0.01 0.03
21.700 0.01 0.03
21.710 0.01 0.03
21.720 0.00 0.03
21.730 0.00 0.02
21.740 -0.00 0.02
21.750 -0.00 0.02
21.760 -0.01 0.01
21.770 -0.01 0.01
21.780 -0.01 0.01
21.790 -0.01 0.01
21.800 -0.01 0.00
21.810 -0.02 0.00
21.820 -0.02 -0.00
21.830 -0.02 -0.01
21.840 -0.02 -0.01
21.850 -0.03 -0.01
21.860 -0.03 -0.01
21.870 -0.03 -0.02
21.880 -0.03 -0.02
21.890 -0.04 -0.02
21.900 -0.04 -0.03
21.910 -0.04 -0.03
21.920 -0.05 -0.03
21.930 -0.05 -0.03
21.940 -0.05 -0.04
21.950 -0.05 -0.04
21.960 -0.05 -0.04
21.970 -0.05 -0.04
21.980 -0.06 -0.04
21.990 -0.06 -0.04
22.000 -0.06 -0.05
22.010 -0.06 -0.05
22.020 -0.07 -0.05
22.030 -0.07 -0.05
22.040 -0.07 -0.06
22.050 -0.07 -0.06
22.060 -0.08 -0.06
22.070 -0.08 -0.06
22.080 -0.08 -0.06
22.090 -0.09 -0.06
22.100 -0.09 -0.06
22.110 -0.09 -0.07
22.120 -0.09 -0.07
22.130 -0.09 -0.07
22.140 -0.09 -0.07
22.150 -0.10 -0.07
22.160 -0.10 -0.07
22.170 -0.10 -0.07
22.180 -0.10 -0.07
22.190 -0.10 -0.07
22.200 -0.10 -0.08
22.210 -0.10 -0.08
22.220 -0.10 -0.08
22.230 -0.10 -0.08
22.240 -0.10 -0.08
22.250 -0.10 -0.08
22.260 -0.10 -0.08
22.270 -0.10 -0.08
22.280 -0.10 -0.08
22.290 -0.10 -0.08
22.300 -0.10 -0.08
22.310 -0.10 -0.08
22.320 -0.10 -0.08
22.330 -0.10 -0.08
22.340 -0.10 -0.08
22.350 -0.10 -0.08
22.360 -0.10 -0.08
22.370 -0.10 -0.08
22.380 -0.10 -0.08
22.390 -0.10 -0.08
22.400 -0.10 -0.08
22.410 -0.10 -0.08
22.420 -0.10 -0.08
22.430 -0.10 -0.08
22.440 -0.10 -0.08
22.450 -0.10 -0.08
22.460 -0.10 -0.07
22.470 -0.09 -0.07
22.480 -0.09 -0.07
22.490 -0.09 -0.07
22.500 -0.09 -0.07
22.510 -0.09 -0.07
22.520 -0.09 -0.07
22.530 -0.09 -0.07
22.540 -0.09 -0.06
22.550 -0.08 -0.06
22.560 -0.08 -0.06
22.570 -0.08 -0.06
22.580 -0.08 -0.05
22.590 -0.08 -0.05
22.600 -0.08 -0.05
22.610 -0.08 -0.05
22.620 -0.07 -0.05
22.630 -0.07 -0.04
22.640 -0.07 -0.04
22.650 -0.07 -0.04
22.660 -0.07 -0.04
22.670 -0.07 -0.03
22.680 -0.07 -0.03
22.690 -0.06 -0.03
22.700 -0.06 -0.02
22.710 -0.06 -0.02
22.720 -0.06 -0.02
22.730 -0.05 -0.02
22.740 -0.05 -0.01
22.750 -0.05 -0.01
22.760 -0.04 -0.01
22.770 -0.04 -0.01
22.780 -0.04 -0.00
22.790 -0.04 -0.00
22.800 -0.04 0.00
22.810 -0.03 0.00
22.820 -0.03 0.01
22.830 -0.03 0.01
22.840 -0.02 0.01
22.850 -0.02 0.02
22.860 -0.02 0.02
22.870 -0.02 0.02
22.880 -0.01 0.02
22.890 -0.01 0.03
22.900 -0.01 0.03
22.910 -0.01 0.03
22.920 -0.00 0.04
22.930 -0.00 0.04
22.940 0.00 0.04
22.950 0.01 0.04
22.960 0.01 0.05
22.970 0.01 0.05
22.980 0.02 0.05
22.990 0.02 0.05
23.000 0.02 0.06
23.010 0.02 0.06
23.020 0.03 0.06
23.030 0.03 0.07
23.040 0.03 0.07
23.050 0.03 0.07
23.060 0.04 0.07
23.070 0.04 0.08
23.080 0.04 0.08
23.090 0.05 0.08
23.100 0.05 0.08
23.110 0.05 0.08
23.120 0.05 0.09
23.130 0.05 0.09
23.140 0.05 0.09
23.150 0.05 0.09
23.160 0.06 0.09
23.170 0.06 0.09
23.180 0.06 0.09
23.190 0.06 0.09
23.200 0.06 0.09
23.210 0.06 0.09
23.220 0.06 0.09
23.230 0.06 0.10
23.240 0.06 0.10
23.250 0.06 0.10
23.260 0.06 0.10
23.270 0.06 0.10
23.280 0.06 0.10
23.290 0.06 0.10
23.300 0.06 0.10
23.310 0.06 0.10
23.320 0.06 0.10
23.330 0.06 0.09
23.340 0.07 0.09
23.350 0.06 0.09
23.360 0.06 0.09
23.370 0.06 0.09
23.380 0.06 0.09
23.390 0.06 0.09
23.400 0.06 0.09
23.410 0.06 0.09
23.420 0.06 0.09
23.430 0.06 0.09
23.440 0.06 0.08
23.450 0.06 0.08
23.460 0.06 0.08
23.470 0.05 0.08
23.480 0.05 0.08
23.490 0.05 0.07
23.500 0.05 0.07
23.510 0.05 0.07
23.520 0.05 0.07
23.530 0.05 0.07
23.540 0.04 0.06
23.550 0.04 0.06
23.560 0.04 0.06
23.570 0.04 0.06
23.580 0.04 0.06
23.590 0.03 0.05
23.600 0.03 0.05
23.610 0.03 0.05
23.620 0.03 0.04
23.630 0.02 0.04
23.640 0.02 0.04
23.650 0.02 0.04
23.660 0.02 0.03
23.670 0.01 0.03
23.680 0.01 0.03
23.690 0.01 0.03
23.700 0.00 0.02
23.710 0.00 0.02
23.720 -0.00 0.02
23.730 -0.00 0.01
23.740 -0.01 0.01
23.750 -0.01 0.01
23.760 -0.01 0.01
23.770 -0.01 0.01
23.780 -0.02 0.00
23.790 -0.02 0.00
23.800 -0.02 -0.00
23.810 -0.03 -0.00
23.820 -0.03 -0.00
23.830 -0.03 -0.01
23.840 -0.04 -0.01
23.850 -0.04 -0.01
23.860 -0.04 -0.01
23.870 -0.05 -0.02
23.880 -0.05 -0.02
23.890 -0.05 -0.02
23.900 -0.05 -0.02
23.910 -0.06 -0.02
23.920 -0.06 -0.02
23.930 -0.06 -0.03
23.940 -0.06 -0.03
23.950 -0.07 -0.03
23.960 -0.07 -0.03
23.970 -0.07 -0.03
23.980 -0.07 -0.03
23.990 -0.07 -0.03
24.000 -0.08 -0.04
24.010 -0.08 -0.04
24.020 -0.08 -0.04
24.030 -0.08 -0.04
24.040 -0.08 -0.04
24.050 -0.08 -0.05
24.060 -0.09 -0.05
24.070 -0.09 -0.05
24.080 -0.09 -0.05
24.090 -0.09 -0.05
24.100 -0.09 -0.05
24.110 -0.09 -0.05
24.120 -0.10 -0.05
24.130 -0.10 -0.05
24.140 -0.10 -0.05
24.150 -0.10 -0.05
24.160 -0.10 -0.05
24.170 -0.10 -0.05
24.180 -0.10 -0.06
24.190 -0.10 -0.06
24.200 -0.10 -0.06
24.210 -0.10 -0.06
24.220 -0.10 -0.06
24.230 -0.10 -0.06
24.240 -0.10 -0.06
24.250 -0.10 -0.06
24.260 -0.10 -0.06
24.270 -0.10 -0.06
24.280 -0.10 -0.06
24.290 -0.10 -0.06
24.300 -0.10 -0.06
24.310 -0.10 -0.06
24.320 -0.10 -0.06
24.330 -0.10 -0.06
24.340 -0.10 -0.06
24.350 -0.10 -0.06
24.360 -0.10 -0.06
24.370 -0.10 -0.06
24.380 -0.10 -0.06
24.390 -0.10 -0.06
