t = [0.000000,
0.033333,
0.066667,
0.100000,
0.133333,
0.166667,
0.200000,
0.233333,
0.266667,
0.300000,
0.333333,
0.366667,
]

x = [-0.03933419,
0.04581760,
0.13141310,
0.23007100,
0.31393630,
0.40529850,
0.49829200,
0.59408320,
0.69159150,
0.78148900,
0.87966370,
0.98386900]

y = [0.69763640,
0.71607950,
0.72510890,
0.71133410,
0.68642850,
0.64611500,
0.58767510,
0.50167390,
0.40043640,
0.28640860,
0.13453320,
-0.03342968]

vx = [
2.561210,
2.763801,
2.737847,
2.628412,
2.765337,
2.831771,
2.899491,
2.811087,
2.821084,
3.035700
]

vy = [
0.41208750,
-0.07118098,
-0.58020650,
-0.97828720,
-1.48130000,
-2.16661500,
-2.80858200,
-3.22898000,
-3.98854700,
-4.79757400
]

O = [
9.140305,
-1.475312,
-11.965140,
-20.415120,
-28.176500,
-37.419950,
-44.087560,
-48.957800,
-54.728380,
-57.676120
]
